X________
1 0.592033
2 0.45662
3 0.589733
4 0.475619
5 0.585931
6 0.425152
7 0.519001
8 0.434819
_X_______
0 0.597851
2 0.5
3 0.520974
4 0.444086
5 0.560586
6 0.573573
7 0.531264
8 0.45413
__X______
0 0.536902
1 0.49343
3 0.5
4 0.478558
5 0.518118
6 0.417658
7 0.530495
8 0.550974
OXX______
3 0.5
4 0.576458
5 0.526368
6 0.5929
7 0.51
8 0.5202
XOX______
3 0.525946
4 0.5
5 0.55
6 0.48804
7 0.581042
8 0.494024
XXO______
3 0.60735
4 0.5
5 0.5
6 0.515925
7 0.49
8 0.560551
___X_____
0 0.562716
1 0.589526
2 0.488219
4 0.5
5 0.549169
6 0.513076
7 0.549211
8 0.510878
OX_X_____
2 0.4802
4 0.6655
5 0.498
6 0.5
7 0.55
8 0.498
XO_X_____
2 0.509796
4 0.479894
5 0.505928
6 0.5
7 0.55
8 0.470596
O_XX_____
1 0.49
4 0.513983
5 0.496008
6 0.5
7 0.51
8 0.49
_OXX_____
0 0.530303
4 0.45
5 0.454228
6 0.5
7 0.5202
8 0.498
X_OX_____
1 0.525772
4 0.480278
5 0.62919
6 0.5
7 0.5929
8 0.567144
_XOX_____
0 0.421912
4 0.49
5 0.48804
6 0.5
7 0.558756
8 0.518119
XX_O_____
2 0.48804
4 0.5
5 0.509796
6 0.5
7 0.4455
8 0.51
X_XO_____
1 0.49
4 0.356924
5 0.5
6 0.5
7 0.49
8 0.560776
_XXO_____
0 0.069406
4 0.5
5 0.5
6 0.5
7 0.3645
8 0.466307
____X____
0 0.235239
1 0.192337
2 0.138156
3 0.171188
5 0.5
6 0.024307
7 0.250833
8 0.172869
OX__X____
2 0.193873
3 0.18992
5 0.459474
6 0.562482
7 0.5
8 0.430451
XO__X____
2 0.505071
3 0.388652
5 0.325127
6 0.372065
7 0.5
8 0.466839
O_X_X____
1 0.49
3 0.345722
5 0.44964
6 0.49
7 0.5
8 0.451519
_OX_X____
0 0.320075
3 0.370427
5 0.472563
6 0.5
7 0.5
8 0.5
X_O_X____
1 0.391842
3 0.47056
5 0.357688
6 0.474461
7 0.5
8 0.583432
_XO_X____
0 0.414899
3 0.364683
5 0.515634
6 0.387406
7 0.5
8 0.559226
O__XX____
1 0.480278
2 0.342423
5 0.389196
6 0.5
7 0.5
8 0.498
_O_XX____
0 0.50796
2 0.5
5 0.457365
6 0.5
7 0.441
8 0.486088
OOXXX____
5 0.489804
6 0.358765
7 0.325171
8 0.5
__OXX____
0 0.447751
1 0.426146
5 0.45
6 0.5
7 0.441
8 0.60017
OXOXX____
5 0.5
6 0.392931
7 0.441
8 0.5
XOOXX____
5 0.406831
6 0.418307
7 0.4646
8 0.5
X__OX____
1 0.544064
2 0.329268
5 0.427898
6 0.5
7 0.5
8 0.357067
_X_OX____
0 0.558089
2 0.406602
5 0.343237
6 0.5
7 0.5
8 0.478088
__XOX____
0 0.531476
1 0.351528
5 1
6 0.49
7 0.405
8 0.332296
OXXOX____
5 0.5
6 0.5
7 0.5
8 0.405
XOXOX____
5 0.45
6 0.5
7 0.405
8 0.49
XXOOX____
5 0.539
6 0.476366
7 0.45
8 0.5
XX__O____
2 0.519992
3 0.45
5 0.504698
6 0.5
7 0.5
8 0.497801
X_X_O____
1 0.48804
3 0.396582
5 0.45
6 0.498
7 0.5
8 0.473496
_XX_O____
0 0.5202
3 0.513861
5 0.5
6 0.45
7 0.5
8 0.5
X__XO____
1 0.5
2 0.5049
5 0.49
6 0.5
7 0.5
8 0.437479
_X_XO____
0 0.569931
2 0.581137
5 0.5
6 0.5
7 0.5
8 0.51
__XXO____
0 0.604758
1 0.478279
5 0.55
6 0.5
7 0.5
8 0.50796
OXXXO____
5 0.45
6 0.45
7 0.5
8 1
XOXXO____
5 0.5
6 0.5
7 1
8 0.5
XXOXO____
5 0.45
6 0.5
7 0.5
8 0.5
XXXOO____
5 0.505899
6 0.5
7 0.5
8 0.5
_____X___
0 0.524652
1 0.538302
2 0.441177
3 0.483187
4 0.704688
6 0.5
7 0.506439
8 0.412701
OX___X___
2 0.49
3 0.5
4 0.487925
6 0.561
7 0.51
8 0.5
XO___X___
2 0.536895
3 0.441
4 0.536717
6 0.478279
7 0.49
8 0.5
O_X__X___
1 0.498
3 0.515584
4 0.5
6 0.478279
7 0.539
8 0.5
_OX__X___
0 0.475252
3 0.496008
4 0.524262
6 0.3969
7 0.65219
8 0.5
X_O__X___
1 0.49185
3 0.45549
4 0.496008
6 0.4998
7 0.511927
8 0.5
_XO__X___
0 0.493827
3 0.509796
4 0.489804
6 0.5
7 0.51
8 0.5
O__X_X___
1 0.428729
2 0.560102
4 0.641773
6 0.5
7 0.5
8 0.5
_O_X_X___
0 0.642031
2 0.5
4 0.489854
6 0.5
7 0.4992
8 0.5
OOXX_X___
4 0.440869
6 0.44964
7 0.441
8 0.5
__OX_X___
0 0.3645
1 0.4802
4 0.441
6 0.5
7 0.605
8 0.5
OXOX_X___
4 0.5
6 0.5
7 0.405
8 0.45
XOOX_X___
4 0.493905
6 0.478279
7 0.494024
8 0.5
X__O_X___
1 0.55
2 0.479973
4 0.5
6 0.5
7 0.51
8 0.5
_X_O_X___
0 0.434566
2 0.405
4 0.49008
6 0.5
7 0.50796
8 0.5
__XO_X___
0 0.45
1 0.45
4 1
6 0.405
7 0.476366
8 0.5
OXXO_X___
4 0.415065
6 0.5
7 0.5
8 0.441
XOXO_X___
4 0.55
6 0.5
7 0.5
8 0.470596
XXOO_X___
4 0.46589
6 0.407674
7 0.430279
8 0.5
O___XX___
1 0.519992
2 0.342402
3 0.4783
6 0.545609
7 0.5
8 0.5
_O__XX___
0 0.489804
2 0.5
3 0.604758
6 0.447841
7 0.49
8 0.5
OOX_XX___
3 0.41804
6 0.440895
7 0.437479
8 0.495
__O_XX___
0 0.41562
1 0.468573
3 0.40095
6 0.487845
7 0.3969
8 0.5
OXO_XX___
3 0.5
6 0.5
7 0.35721
8 0.5
XOO_XX___
3 0.5
6 0.5
7 0.5
8 0.3969
OO_XXX___
2 0.5
6 0.5
7 0.5
8 0.5
O_OXXX___
1 0.5
6 0.5
7 0.5
8 0.5
_OOXXX___
0 0.676095
6 0.476366
7 0.485699
8 0.5
___OXX___
0 0.493186
1 0.534748
2 1
6 0.5
7 0.55
8 0.5
OX_OXX___
2 0.5
6 0.5
7 0.406764
8 0.5
XO_OXX___
2 0.5
6 0.5
7 0.441
8 0.405
O_XOXX___
1 0.5
6 0.45
7 0.55
8 0.49
_OXOXX___
0 0.45
6 0.5
7 0.45
8 0.5
X_OOXX___
1 0.5
6 0.45
7 0.45
8 0.49
_XOOXX___
0 0.4998
6 0.560776
7 0.51
8 0.5
X___OX___
1 0.5478
2 0.614387
3 0.67881
6 0.474461
7 0.5
8 0.5
_X__OX___
0 0.456981
2 0.45
3 0.5
6 0.486088
7 0.5
8 0.5
__X_OX___
0 0.665234
1 0.561
3 0.605
6 0.489804
7 0.5
8 0.5
OXX_OX___
3 0.5
6 0.5
7 0.45
8 0.5
XOX_OX___
3 0.5
6 0.5
7 1
8 0.5
XXO_OX___
3 0.4998
6 0.48804
7 0.556521
8 0.5
___XOX___
0 0.624416
1 0.55
2 0.616853
6 0.55
7 1
8 0.5
OX_XOX___
2 0.5
6 0.5
7 0.5
8 1
XO_XOX___
2 0.55
6 0.5
7 0.45
8 0.45
O_XXOX___
1 0.5
6 0.49
7 0.45
8 1
_OXXOX___
0 0.45
6 0.5
7 1
8 0.5
X_OXOX___
1 0.5
6 0.5
7 1
8 0.5
_XOXOX___
0 0.5
6 0.5
7 0.5
8 0.5
XX_OOX___
2 0.45
6 0.5
7 0.405
8 0.4455
X_XOOX___
1 0.5
6 0.55
7 0.55
8 0.45
_XXOOX___
0 0.475064
6 0.46612
7 0.441
8 0.5
XX___O___
2 0.49
3 0.458816
4 0.541087
6 0.503703
7 0.5
8 0.5
X_X__O___
1 0.5
3 0.478088
4 0.338964
6 0.55
7 0.480008
8 0.5
_XX__O___
0 0.534535
3 0.49
4 0.495
6 0.388962
7 0.45
8 0.5
X__X_O___
1 0.49
2 0.437479
4 0.542105
6 0.5
7 0.498
8 0.5
_X_X_O___
0 0.4998
2 0.49
4 0.4994
6 0.5
7 0.51584
8 0.5
__XX_O___
0 0.3969
1 0.496008
4 0.5
6 0.5
7 0.4998
8 0.5
OXXX_O___
4 0.98
6 0.5
7 0.5
8 0.49
XOXX_O___
4 0.49
6 0.5
7 0.55
8 0.495
XXOX_O___
4 0.45
6 0.5
7 0.5
8 0.5
XXXO_O___
4 0.328873
6 0.382386
7 0.586465
8 0.5
X___XO___
1 0.282401
2 0.396275
3 0.387799
6 0.367618
7 0.5
8 0.5
_X__XO___
0 0.280288
2 0.411891
3 0.122597
6 0.348903
7 0.5
8 0.5
__X_XO___
0 0.424966
1 0.403582
3 0.5
6 0.326848
7 0.4802
8 0.5
OXX_XO___
3 0.5
6 0.5
7 0.405
8 0.324769
XOX_XO___
3 0.5
6 0.5
7 0.4802
8 0.3645
XXO_XO___
3 0.463112
6 0.485893
7 0.625862
8 0.5
___XXO___
0 0.374971
1 0.479703
2 0.409655
6 0.5
7 0.423536
8 0.5
OX_XXO___
2 0.49
6 0.5
7 0.49
8 0.45
XO_XXO___
2 0.5
6 0.5
7 0.43218
8 0.5
O_XXXO___
1 1
6 0.441
7 0.470596
8 0.441
_OXXXO___
0 1
6 0.5
7 0.43659
8 0.475398
X_OXXO___
1 0.3969
6 0.4455
7 0.45
8 0.5
_XOXXO___
0 0.405
6 0.5
7 0.45
8 0.32805
XX_OXO___
2 0.32805
6 0.5
7 0.321489
8 0.5
X_XOXO___
1 0.5
6 0.3645
7 0.4455
8 0.49
_XXOXO___
0 0.4455
6 0.5
7 0.5
8 0.5
XXX_OO___
3 0.441
6 0.5
7 0.5
8 0.45
XX_XOO___
2 0.49
6 0.5
7 0.55
8 0.3969
X_XXOO___
1 0.5
6 0.45
7 0.5
8 0.5
_XXXOO___
0 0.548692
6 0.5
7 0.5
8 0.5
______X__
0 0.489602
1 0.440999
2 0.480227
3 0.45517
4 0.52154
5 0.401046
7 0.5
8 0.46481
OX____X__
2 0.5
3 0.502479
4 0.49
5 0.4998
7 0.5929
8 0.49581
XO____X__
2 0.5
3 0.472374
4 0.423536
5 0.489688
7 0.49
8 0.4482
O_X___X__
1 0.5
3 0.452006
4 0.464442
5 0.50796
7 0.561
8 0.476366
_OX___X__
0 0.4998
3 0.49
4 0.49185
5 0.476366
7 0.489804
8 0.459
X_O___X__
1 0.5
3 0.494024
4 0.530604
5 0.5202
7 0.5202
8 0.538784
_XO___X__
0 0.5
3 0.489804
4 0.498
5 0.498
7 0.49
8 0.463112
O__X__X__
1 0.5
2 0.567143
4 0.468714
5 0.5
7 0.5
8 0.51
_O_X__X__
0 0.509796
2 0.5
4 0.43218
5 0.5
7 0.45
8 0.49
OOXX__X__
4 0.5
5 0.51
7 0.379226
8 0.5
__OX__X__
0 0.48804
1 0.44982
4 0.5
5 0.49
7 0.432008
8 0.3969
OXOX__X__
4 0.5
5 0.5
7 0.5
8 0.5
XOOX__X__
4 0.5
5 0.517912
7 0.498
8 0.5
X__O__X__
1 0.5
2 0.484144
4 0.498
5 0.5
7 0.65219
8 0.496008
_X_O__X__
0 0.492048
2 0.478279
4 0.418307
5 0.5
7 0.4998
8 0.524003
__XO__X__
0 0.459
1 0.49
4 0.5
5 0.5
7 0.423536
8 0.59895
OXXO__X__
4 0.55
5 0.5
7 0.5
8 0.55
XOXO__X__
4 0.5
5 0.55
7 0.5
8 0.49
XXOO__X__
4 0.5
5 0.393573
7 0.509796
8 0.5
O___X_X__
1 0.5
2 0.340189
3 0.4516
5 0.421842
7 0.5
8 0.44964
_O__X_X__
0 0.665234
2 0.5
3 0.665234
5 0.487845
7 0.5
8 0.48804
OOX_X_X__
3 0.5
5 0.482207
7 0.4802
8 0.5
__O_X_X__
0 0.4851
1 0.651669
3 0.5
5 0.470484
7 0.45
8 0.478087
OXO_X_X__
3 0.5
5 0.55
7 0.5
8 0.308758
XOO_X_X__
3 0.441
5 0.55
7 0.5
8 0.45
OO_XX_X__
2 0.4455
5 0.5
7 1
8 0.5
O_OXX_X__
1 0.5
5 0.5
7 0.5
8 0.45
_OOXX_X__
0 1
5 0.378139
7 0.393731
8 0.5
___OX_X__
0 0.352799
1 0.289439
2 0.474271
5 0.5
7 0.415065
8 0.470408
OX_OX_X__
2 0.5
5 0.405
7 0.3969
8 0.5
XO_OX_X__
2 0.5
5 0.5
7 0.321489
8 0.5
O_XOX_X__
1 0.6655
5 0.5
7 0.5
8 0.5
_OXOX_X__
0 0.49
5 0.45
7 0.5
8 0.5
X_OOX_X__
1 0.5
5 0.4802
7 0.5
8 0.461184
_XOOX_X__
0 0.45
5 0.588167
7 0.437479
8 0.5
X___O_X__
1 0.5
2 0.489804
3 0.541216
5 0.590528
7 0.5
8 0.51
_X__O_X__
0 0.558756
2 0.49
3 0.60258
5 0.5478
7 0.5
8 0.5
__X_O_X__
0 0.498
1 0.561
3 0.5
5 0.4998
7 1
8 0.49
OXX_O_X__
3 0.45
5 0.5
7 0.5
8 0.5
XOX_O_X__
3 0.5
5 0.73205
7 0.5
8 0.5
XXO_O_X__
3 0.5
5 0.458633
7 0.629442
8 0.5
___XO_X__
0 0.5
1 0.494802
2 0.43218
5 0.55
7 1
8 0.489804
OX_XO_X__
2 0.5
5 0.5
7 0.5
8 0.5
XO_XO_X__
2 0.5
5 0.5
7 0.5
8 0.55
O_XXO_X__
1 0.5
5 0.495
7 0.5
8 0.5
_OXXO_X__
0 0.55
5 0.5
7 0.5
8 0.5
X_OXO_X__
1 0.5
5 0.45
7 0.5
8 0.5
_XOXO_X__
0 0.55
5 1
7 0.5
8 0.5
XX_OO_X__
2 0.45
5 1
7 0.5
8 0.5
X_XOO_X__
1 0.5
5 0.5
7 0.5
8 0.5
_XXOO_X__
0 0.5
5 0.4857
7 0.4802
8 0.5
O____XX__
1 0.5
2 0.594862
3 0.528093
4 0.5
7 0.57222
8 0.5
_O___XX__
0 0.538784
2 0.5
3 0.4802
4 0.441
7 0.561
8 0.5
OOX__XX__
3 0.5
4 0.5
7 0.497801
8 0.45
__O__XX__
0 0.629191
1 0.49
3 0.5
4 0.48804
7 0.496008
8 0.5
OXO__XX__
3 0.5
4 0.5
7 0.5
8 0.5
XOO__XX__
3 0.5929
4 0.5
7 0.5
8 0.4851
OO_X_XX__
2 0.3645
4 0.5
7 0.5
8 0.5
O_OX_XX__
1 0.405
4 0.5
7 0.5
8 0.5
_OOX_XX__
0 0.5
4 0.49
7 0.4998
8 0.5
___O_XX__
0 0.539
1 0.49
2 0.466839
4 0.4802
7 0.484144
8 0.5
OX_O_XX__
2 0.5
4 0.5
7 0.5
8 0.5
XO_O_XX__
2 0.5
4 0.5
7 0.5
8 0.5
O_XO_XX__
1 0.5
4 0.5
7 0.5
8 0.45
_OXO_XX__
0 0.45
4 0.5
7 0.5
8 0.5
X_OO_XX__
1 0.45
4 0.5
7 0.5
8 0.5
_XOO_XX__
0 0.3969
4 0.5
7 0.5
8 0.32805
OO__XXX__
2 0.5
3 0.5
7 1
8 0.45
O_O_XXX__
1 0.5
3 1
7 0.5
8 0.55
_OO_XXX__
0 1
3 0.5
7 0.45
8 0.49
OOOXXXX__
7 0.49
8 0.5
O__OXXX__
1 0.5
2 0.49
7 0.5
8 0.5
_O_OXXX__
0 0.40095
2 0.5
7 0.55
8 0.5
OOXOXXX__
7 0.5
8 0.5
__OOXXX__
0 0.49
1 0.539
7 0.5
8 0.3645
OXOOXXX__
7 0.48804
8 0.5
XOOOXXX__
7 0.5
8 0.5478
____OXX__
0 0.524003
1 0.616853
2 0.497801
3 0.51
7 1
8 0.5
OX__OXX__
2 1
3 0.5
7 0.55
8 0.49
XO__OXX__
2 0.5
3 0.5
7 0.45
8 0.581042
O_X_OXX__
1 0.5
3 0.5
7 0.5
8 1
_OX_OXX__
0 0.5445
3 0.5
7 0.5
8 0.5
X_O_OXX__
1 1
3 0.5
7 0.5
8 0.5
_XO_OXX__
0 0.65219
3 0.5
7 0.5
8 0.5
O__XOXX__
1 0.5
2 1
7 1
8 1
_O_XOXX__
0 1
2 0.43218
7 0.55
8 0.5
OOXXOXX__
7 0.5
8 0.5
__OXOXX__
0 0.5
1 0.5
7 0.5
8 0.5
OXOXOXX__
7 0.5
8 0.5
XOOXOXX__
7 0.5
8 0.5
X__OOXX__
1 0.5
2 0.5
7 0.5
8 0.49
_X_OOXX__
0 0.49
2 0.5
7 1
8 0.5
__XOOXX__
0 0.49
1 0.5
7 0.5
8 1
OXXOOXX__
7 0.5
8 0.5
XOXOOXX__
7 0.539
8 0.5
XXOOOXX__
7 0.5
8 0.432008
X____OX__
1 0.5
2 0.507433
3 0.66639
4 0.605
7 0.427858
8 0.5
_X___OX__
0 0.4998
2 0.447841
3 0.399026
4 0.498
7 0.558756
8 0.5
__X__OX__
0 0.442666
1 0.441
3 0.5
4 0.48804
7 0.561
8 0.5
OXX__OX__
3 1
4 0.5
7 0.5
8 0.4802
XOX__OX__
3 0.605
4 0.5
7 0.5
8 0.43659
XXO__OX__
3 0.5
4 0.489804
7 0.51
8 0.55
___X_OX__
0 0.505928
1 0.511926
2 0.495
4 0.5
7 0.4482
8 0.5
OX_X_OX__
2 0.5
4 0.5
7 0.5
8 0.5
XO_X_OX__
2 0.441
4 0.5
7 0.5
8 0.45
O_XX_OX__
1 0.5
4 0.49
7 0.5
8 0.5
_OXX_OX__
0 0.49
4 0.5
7 0.5
8 0.5
X_OX_OX__
1 0.3969
4 0.5
7 0.5
8 0.5
_XOX_OX__
0 1
4 0.5
7 0.5
8 0.4802
XX_O_OX__
2 1
4 0.5
7 0.49
8 0.5
X_XO_OX__
1 1
4 0.55
7 0.5
8 0.49
_XXO_OX__
0 0.5
4 0.390721
7 0.370303
8 0.5
____XOX__
0 0.343065
1 0.411751
2 0.592481
3 0.403057
7 0.49005
8 0.5
OX__XOX__
2 0.5
3 0.5
7 0.5
8 0.45
XO__XOX__
2 0.5
3 0.5
7 0.4802
8 0.350066
O_X_XOX__
1 0.5
3 0.5
7 0.5
8 0.5
_OX_XOX__
0 1
3 0.5
7 0.5
8 0.45
X_O_XOX__
1 0.49005
3 0.495
7 0.5
8 0.43218
_XO_XOX__
0 0.581042
3 0.5
7 0.5
8 0.55
O__XXOX__
1 0.5
2 0.5
7 0.55
8 0.441
_O_XXOX__
0 0.4802
2 0.5
7 0.9
8 0.5
OOXXXOX__
7 0.5
8 0.5
__OXXOX__
0 0.688999
1 0.495
7 0.5
8 0.5
OXOXXOX__
7 0.5
8 0.49
XOOXXOX__
7 0.45
8 0.5
X__OXOX__
1 0.5
2 0.3969
7 0.49
8 0.49
_X_OXOX__
0 0.3645
2 0.5
7 0.441
8 0.5
__XOXOX__
0 0.5
1 0.405
7 1
8 0.5
OXXOXOX__
7 0.45
8 0.5
XOXOXOX__
7 0.5
8 0.5
XXOOXOX__
7 0.45
8 0.5
XX__OOX__
2 0.5
3 0.5
7 0.5
8 0.45
X_X_OOX__
1 0.5
3 0.5
7 0.5
8 0.45
_XX_OOX__
0 0.605
3 0.5
7 0.5
8 1
X__XOOX__
1 0.5
2 0.5
7 0.5
8 0.45
_X_XOOX__
0 0.4802
2 0.5
7 1
8 0.5
__XXOOX__
0 0.5
1 0.45
7 0.5
8 0.5
OXXXOOX__
7 0.5
8 0.5
XOXXOOX__
7 0.5
8 0.5
XXOXOOX__
7 0.487845
8 0.5
XXXOOOX__
7 0.5
8 0.513983
XX____O__
2 0.55
3 0.435382
4 0.626364
5 0.49
7 0.497801
8 0.405
X_X___O__
1 0.51
3 0.486088
4 0.607244
5 0.48804
7 0.5
8 0.5
_XX___O__
0 0.51
3 0.55204
4 0.5202
5 0.5
7 0.43218
8 0.5
X__X__O__
1 0.5
2 0.484144
4 0.7001
5 0.5
7 0.55
8 0.5
_X_X__O__
0 0.516047
2 0.55
4 0.583431
5 0.5
7 0.530604
8 0.498
__XX__O__
0 0.509796
1 0.498
4 0.5
5 0.5
7 0.49
8 0.5
OXXX__O__
4 0.55
5 0.5
7 0.5
8 0.5
XOXX__O__
4 1
5 0.5
7 0.5
8 0.539
XXOX__O__
4 1
5 0.5
7 0.5
8 0.5
XXXO__O__
4 0.5
5 0.448021
7 0.51584
8 0.5
X___X_O__
1 0.5
2 0.393128
3 0.455719
5 0.45934
7 0.5
8 0.333519
_X__X_O__
0 0.440766
2 0.478088
3 0.441089
5 0.423536
7 0.5
8 0.440471
__X_X_O__
0 0.517656
1 0.435555
3 0.5
5 0.725915
7 0.5
8 0.495809
OXX_X_O__
3 0.49005
5 0.5
7 0.5
8 0.43218
XOX_X_O__
3 0.5
5 0.5
7 0.5
8 0.3645
XXO_X_O__
3 0.5
5 0.482966
7 0.536414
8 0.45
___XX_O__
0 0.485893
1 0.377988
2 0.4482
5 0.55
7 0.441
8 0.507554
OX_XX_O__
2 0.405
5 0.49
7 0.405
8 0.427858
XO_XX_O__
2 0.5
5 0.5
7 0.315059
8 0.45
O_XXX_O__
1 0.49
5 0.423536
7 0.5
8 0.405
_OXXX_O__
0 0.55
5 0.49
7 0.5
8 0.441
X_OXX_O__
1 0.441
5 0.405
7 0.5
8 0.441
_XOXX_O__
0 0.495
5 0.405
7 0.5
8 0.405
XX_OX_O__
2 0.5
5 0.45
7 0.45
8 0.441
X_XOX_O__
1 0.5
5 0.388962
7 0.5
8 0.45
_XXOX_O__
0 0.5
5 0.5
7 0.5
8 0.5
XXX_O_O__
3 0.495
5 0.5
7 0.5
8 0.5
XX_XO_O__
2 0.45
5 0.5
7 0.5
8 0.5
X_XXO_O__
1 0.5
5 0.605
7 0.5
8 0.5
_XXXO_O__
0 0.5
5 0.5
7 0.545609
8 0.5
X____XO__
1 0.5
2 0.538442
3 0.585579
4 0.48804
7 0.556076
8 0.5
_X___XO__
0 0.54956
2 0.43218
3 0.498
4 0.48804
7 0.560776
8 0.5
__X__XO__
0 0.527852
1 0.466307
3 0.5
4 0.605
7 0.53361
8 0.5
OXX__XO__
3 0.49
4 0.5
7 0.5
8 1
XOX__XO__
3 0.5
4 0.5
7 0.5
8 0.73205
XXO__XO__
3 0.5
4 0.439236
7 0.5
8 0.470596
___X_XO__
0 0.560608
1 0.4802
2 0.4998
4 0.5
7 0.684111
8 0.5
OX_X_XO__
2 0.658845
4 0.5
7 0.55
8 0.5
XO_X_XO__
2 0.5
4 0.5
7 0.49
8 0.405
O_XX_XO__
1 0.49
4 0.5
7 0.5
8 0.5
_OXX_XO__
0 0.441
4 0.5
7 0.5
8 0.717409
X_OX_XO__
1 1
4 0.45
7 0.5
8 0.539
_XOX_XO__
0 0.475398
4 0.5
7 0.5
8 0.5
XX_O_XO__
2 0.40095
4 0.5
7 0.5
8 0.5
X_XO_XO__
1 0.5
4 0.5
7 0.5
8 0.5
_XXO_XO__
0 0.5
4 0.460999
7 0.344648
8 0.5
____XXO__
0 0.423198
1 0.468339
2 0.466839
3 0.457502
7 0.40095
8 0.5
OX__XXO__
2 0.45
3 0.5
7 0.4455
8 0.81
XO__XXO__
2 0.5
3 0.5
7 0.5
8 0.581042
O_X_XXO__
1 0.49
3 0.5
7 0.5
8 0.9
_OX_XXO__
0 0.3969
3 0.5
7 0.5
8 0.350066
X_O_XXO__
1 0.5
3 0.423536
7 0.5
8 0.470596
_XO_XXO__
0 0.495
3 0.5
7 0.5
8 0.3969
O__XXXO__
1 0.5
2 0.5
7 0.5
8 0.5
_O_XXXO__
0 0.5
2 0.5
7 0.5
8 0.5
OOXXXXO__
7 0.5
8 0.5
__OXXXO__
0 0.5
1 0.5
7 0.5
8 0.5
OXOXXXO__
7 0.5
8 0.441
XOOXXXO__
7 0.45
8 0.5
X__OXXO__
1 0.5
2 0.470596
7 0.45
8 0.539
_X_OXXO__
0 1
2 0.5
7 0.49
8 0.49
__XOXXO__
0 1
1 0.3645
7 0.405
8 0.215233
OXXOXXO__
7 0.441
8 0.5
XOXOXXO__
7 0.5
8 0.5
XXOOXXO__
7 0.45
8 0.5
XX__OXO__
2 0.5
3 0.5
7 0.5
8 0.495
X_X_OXO__
1 0.5
3 0.5
7 0.5
8 0.388962
_XX_OXO__
0 0.55
3 0.5
7 0.5
8 0.495
X__XOXO__
1 0.5
2 0.5
7 1
8 0.605
_X_XOXO__
0 0.539
2 0.45
7 1
8 0.55
__XXOXO__
0 0.5
1 0.5
7 0.5
8 1
OXXXOXO__
7 0.5
8 0.5
XOXXOXO__
7 1
8 0.5
XXOXOXO__
7 0.5
8 0.5
XXXOOXO__
7 0.645668
8 0.5
XXX__OO__
3 0.49
4 0.5
7 0.5
8 0.5
XX_X_OO__
2 0.45
4 0.5
7 0.5
8 0.6655
X_XX_OO__
1 0.539055
4 0.5
7 0.5
8 0.5
_XXX_OO__
0 0.4851
4 0.5
7 0.5
8 0.405
XX__XOO__
2 0.45
3 0.5
7 0.321489
8 0.32805
X_X_XOO__
1 0.805255
3 0.45
7 0.5
8 0.302583
_XX_XOO__
0 0.59895
3 0.5
7 0.5
8 0.260406
X__XXOO__
1 0.5
2 0.5
7 0.4851
8 0.5
_X_XXOO__
0 0.5
2 0.5
7 0.346565
8 0.5
__XXXOO__
0 0.49
1 0.255198
7 1
8 0.26572
OXXXXOO__
7 0.5
8 0.5
XOXXXOO__
7 0.5
8 0.5
XXOXXOO__
7 0.5
8 0.5
XXXOXOO__
7 0.5
8 0.5
XXXXOOO__
7 0.556829
8 0.5
_______X_
0 0.436717
1 0.498768
2 0.644554
3 0.478657
4 0.542179
5 0.55558
6 0.500296
8 0.5
OX_____X_
2 0.480278
3 0.5
4 0.413405
5 0.5049
6 0.561
8 0.498
XO_____X_
2 0.530604
3 0.5
4 0.505321
5 0.498
6 0.489804
8 0.463187
O_X____X_
1 0.4998
3 0.476444
4 0.5
5 0.509592
6 0.560776
8 0.483949
_OX____X_
0 0.497801
3 0.5
4 0.55
5 0.51
6 0.49
8 0.5
X_O____X_
1 0.544334
3 0.486088
4 0.504496
5 0.497801
6 0.6655
8 0.592663
_XO____X_
0 0.489686
3 0.5
4 0.496008
5 0.49
6 0.498
8 0.539
O__X___X_
1 0.5033
2 0.60258
4 0.551857
5 0.5
6 0.592957
8 0.547414
_O_X___X_
0 0.527798
2 0.5
4 0.628938
5 0.5
6 0.462927
8 0.496008
OOXX___X_
4 0.578812
5 0.5
6 0.480008
8 0.5
__OX___X_
0 0.4802
1 0.605
4 0.5
5 0.5
6 0.427517
8 0.498
OXOX___X_
4 0.5
5 0.5
6 0.5
8 0.5
XOOX___X_
4 0.518119
5 0.5
6 0.497801
8 0.5
X__O___X_
1 0.497801
2 0.4802
4 0.475633
5 0.5
6 0.605
8 0.558756
_X_O___X_
0 0.75192
2 0.5
4 0.497801
5 0.5
6 0.509796
8 0.45
__XO___X_
0 0.539
1 0.446407
4 0.5
5 0.5
6 0.463498
8 0.497801
OXXO___X_
4 0.49005
5 0.5
6 0.5
8 0.5
XOXO___X_
4 0.55
5 0.5
6 0.55
8 0.5
XXOO___X_
4 0.407284
5 0.5
6 0.308491
8 0.5
O___X__X_
1 0.428602
2 0.60017
3 0.243769
5 0.427687
6 0.5
8 0.411117
_O__X__X_
0 0.699175
2 0.45
3 0.524003
5 0.455673
6 0.49
8 0.487845
OOX_X__X_
3 0.310193
5 0.5
6 0.563382
8 0.5
__O_X__X_
0 0.695432
1 0.48337
3 0.5
5 0.468526
6 0.5
8 0.43218
OXO_X__X_
3 0.4802
5 0.3645
6 0.4802
8 0.5
XOO_X__X_
3 0.405
5 0.5929
6 0.45
8 0.405
OO_XX__X_
2 0.605
5 0.885781
6 1
8 0.5
O_OXX__X_
1 0.5
5 1
6 0.495
8 0.5
_OOXX__X_
0 1
5 0.5
6 0.270042
8 0.5
___OX__X_
0 0.44862
1 0.455307
2 0.415065
5 0.5
6 0.5
8 0.32411
OX_OX__X_
2 0.4455
5 0.441
6 0.5
8 0.5
XO_OX__X_
2 0.405
5 0.49
6 0.49
8 0.5
O_XOX__X_
1 0.5
5 0.442921
6 0.605
8 0.5
_OXOX__X_
0 0.495
5 0.4802
6 0.3969
8 0.5
X_OOX__X_
1 0.5
5 0.4802
6 0.5
8 0.5
_XOOX__X_
0 0.547633
5 0.5
6 0.49
8 0.5
X___O__X_
1 0.534748
2 0.48812
3 0.62906
5 0.498
6 0.5
8 0.498
_X__O__X_
0 0.517997
2 0.5
3 0.595338
5 0.558533
6 0.5
8 0.569931
__X_O__X_
0 0.5
1 0.50796
3 0.55
5 0.51
6 1
8 0.5
OXX_O__X_
3 0.5
5 0.5
6 0.49
8 0.5
XOX_O__X_
3 0.5
5 0.5
6 1
8 0.5
XXO_O__X_
3 0.57222
5 0.5
6 0.561
8 0.5
___XO__X_
0 0.512938
1 0.505726
2 0.55
5 0.5
6 0.5
8 0.5
OX_XO__X_
2 1
5 0.5
6 0.55
8 0.5
XO_XO__X_
2 0.539
5 0.539
6 0.5
8 0.5
O_XXO__X_
1 0.5
5 0.49
6 0.5
8 0.5
_OXXO__X_
0 0.49
5 0.5
6 1
8 0.5
X_OXO__X_
1 0.5
5 0.605
6 1
8 0.5
_XOXO__X_
0 0.49
5 1
6 0.539
8 0.5
XX_OO__X_
2 0.5
5 1
6 0.5
8 0.5
X_XOO__X_
1 0.5
5 0.49
6 0.55
8 0.5
_XXOO__X_
0 0.612173
5 0.5
6 0.505726
8 0.5
O____X_X_
1 0.489884
2 0.507757
3 0.569074
4 0.536844
6 0.478279
8 0.5
_O___X_X_
0 0.57222
2 0.5
3 0.556076
4 0.497801
6 0.498
8 0.5
OOX__X_X_
3 0.55
4 0.5
6 0.498
8 0.5
__O__X_X_
0 0.67225
1 0.556298
3 0.45
4 0.448351
6 0.692386
8 0.5
OXO__X_X_
3 0.569422
4 0.5
6 0.5
8 0.5
XOO__X_X_
3 0.55
4 0.5
6 0.5445
8 0.5
OO_X_X_X_
2 0.55
4 0.5
6 0.9
8 0.5
O_OX_X_X_
1 0.55
4 1
6 0.49
8 0.5
_OOX_X_X_
0 0.702961
4 0.5
6 0.505928
8 0.5
___O_X_X_
0 0.67339
1 0.50796
2 0.48395
4 0.5
6 0.526368
8 0.5
OX_O_X_X_
2 0.517656
4 0.5
6 0.45196
8 0.5
XO_O_X_X_
2 0.5
4 0.5
6 0.4802
8 0.5
O_XO_X_X_
1 0.49
4 0.45
6 0.5
8 0.5
_OXO_X_X_
0 0.539
4 0.5
6 0.55
8 0.5
X_OO_X_X_
1 0.415065
4 0.5
6 0.5
8 0.5
_XOO_X_X_
0 0.5
4 0.5
6 0.5
8 0.5
OO__XX_X_
2 0.605
3 0.5
6 0.9
8 0.55
O_O_XX_X_
1 0.5
3 1
6 0.49
8 0.5
_OO_XX_X_
0 1
3 0.5
6 0.4802
8 0.605
OOOXXX_X_
6 0.4802
8 0.5
O__OXX_X_
1 1
2 0.539
6 0.480249
8 0.5
_O_OXX_X_
0 0.43218
2 0.5
6 0.475398
8 0.5
OOXOXX_X_
6 0.5
8 0.5
__OOXX_X_
0 0.55
1 0.5
6 0.26572
8 0.5
OXOOXX_X_
6 0.5202
8 0.5
XOOOXX_X_
6 0.758579
8 0.5
____OX_X_
0 0.758578
1 0.478279
2 0.51
3 0.498
6 1
8 0.5
OX__OX_X_
2 1
3 0.5
6 0.5
8 0.5
XO__OX_X_
2 0.5
3 0.5
6 0.605
8 0.5
O_X_OX_X_
1 0.49
3 0.5
6 0.441
8 0.605
_OX_OX_X_
0 0.55
3 0.5
6 1
8 0.49
X_O_OX_X_
1 1
3 0.5
6 1
8 0.605
_XO_OX_X_
0 0.52822
3 0.5
6 0.639146
8 0.55
O__XOX_X_
1 0.45
2 0.5
6 1
8 0.5
_O_XOX_X_
0 1
2 0.5
6 0.5
8 0.5
OOXXOX_X_
6 1
8 0.5
__OXOX_X_
0 0.55
1 0.55
6 1
8 0.5
OXOXOX_X_
6 0.5929
8 0.5
XOOXOX_X_
6 0.49
8 0.5
X__OOX_X_
1 0.5
2 0.461184
6 0.5
8 0.5
_X_OOX_X_
0 1
2 0.5
6 0.98
8 0.5
__XOOX_X_
0 0.5
1 0.5
6 0.295245
8 0.5
OXXOOX_X_
6 0.5
8 0.5
XOXOOX_X_
6 0.474081
8 0.5
XXOOOX_X_
6 0.4998
8 0.5
X____O_X_
1 0.5
2 0.468526
3 0.669086
4 0.543209
6 0.518119
8 0.5
_X___O_X_
0 0.505928
2 0.5
3 0.495218
4 0.746393
6 0.538784
8 0.5
__X__O_X_
0 0.481198
1 0.498
3 0.5
4 0.604373
6 0.516047
8 0.5
OXX__O_X_
3 1
4 0.5
6 0.5
8 0.52822
XOX__O_X_
3 0.5
4 0.5
6 0.5
8 0.539
XXO__O_X_
3 0.524262
4 0.5
6 0.543209
8 0.5
___X_O_X_
0 0.692109
1 0.5
2 0.60258
4 0.5
6 0.498
8 0.5
OX_X_O_X_
2 0.5
4 0.5
6 0.49
8 0.5
XO_X_O_X_
2 0.55
4 0.5
6 0.5
8 0.5
O_XX_O_X_
1 1
4 0.49
6 0.5
8 0.5
_OXX_O_X_
0 0.9
4 0.5
6 0.5
8 0.5
X_OX_O_X_
1 0.717409
4 0.49
6 0.55
8 0.5
_XOX_O_X_
0 0.9604
4 0.5
6 0.5
8 0.5
XX_O_O_X_
2 1.30438
4 0.5
6 0.495
8 0.5
X_XO_O_X_
1 1
4 0.52822
6 0.45
8 0.5
_XXO_O_X_
0 0.3466
4 0.5
6 0.257906
8 0.5
____XO_X_
0 0.394499
1 0.476176
2 0.59847
3 0.404838
6 0.5
8 0.5
OX__XO_X_
2 0.441
3 0.5
6 0.49
8 0.5
XO__XO_X_
2 0.405
3 0.5
6 0.343065
8 0.388962
O_X_XO_X_
1 1
3 0.5
6 0.49
8 0.539
_OX_XO_X_
0 0.5
3 0.5
6 0.55
8 0.49
X_O_XO_X_
1 0.4851
3 0.5929
6 0.5
8 0.3645
_XO_XO_X_
0 0.5
3 0.5
6 0.405
8 0.5
O__XXO_X_
1 0.5
2 0.539
6 0.385072
8 0.5
_O_XXO_X_
0 0.423536
2 0.5
6 1
8 0.5
OOXXXO_X_
6 1
8 0.5
__OXXO_X_
0 0.470644
1 0.49
6 0.405
8 0.5
OXOXXO_X_
6 0.45
8 0.5
XOOXXO_X_
6 0.5
8 0.5
X__OXO_X_
1 0.388962
2 0.49
6 0.427858
8 0.5
_X_OXO_X_
0 0.5
2 0.5
6 0.350066
8 0.5
__XOXO_X_
0 0.5
1 0.43218
6 0.45
8 0.5
OXXOXO_X_
6 0.4802
8 0.5
XOXOXO_X_
6 0.5
8 0.5
XXOOXO_X_
6 0.49
8 0.5
XX__OO_X_
2 0.5
3 0.5
6 0.5
8 1
X_X_OO_X_
1 0.49
3 0.539
6 0.45
8 1
_XX_OO_X_
0 0.605
3 0.5
6 0.5
8 0.5
X__XOO_X_
1 0.5
2 0.5
6 0.605
8 0.5
_X_XOO_X_
0 0.441
2 0.5
6 1
8 0.5
__XXOO_X_
0 1
1 0.5
6 1
8 0.5
OXXXOO_X_
6 0.5
8 0.5
XOXXOO_X_
6 0.5
8 0.5
XXOXOO_X_
6 0.60948
8 0.5
XXXOOO_X_
6 0.5
8 0.5
O_____XX_
1 0.5
2 0.4455
3 0.561
4 0.498
5 0.592662
8 0.49581
_O____XX_
0 0.48804
2 0.43218
3 0.513777
4 0.423536
5 0.52822
8 0.415065
OOX___XX_
3 0.5
4 0.5
5 0.530604
8 0.5
__O___XX_
0 0.405
1 0.52822
3 0.5
4 0.5
5 0.498
8 0.5
OXO___XX_
3 0.441
4 0.45
5 0.5
8 0.405
XOO___XX_
3 0.605
4 0.5
5 0.5
8 0.5
OO_X__XX_
2 0.495
4 0.45
5 1
8 0.5
O_OX__XX_
1 0.45
4 0.55
5 0.5
8 0.5
_OOX__XX_
0 1
4 0.5
5 0.509796
8 0.5
___O__XX_
0 0.410915
1 0.437305
2 0.5
4 0.5
5 0.427858
8 0.436242
OX_O__XX_
2 0.49
4 0.461184
5 0.45
8 0.5
XO_O__XX_
2 0.605
4 0.45
5 0.441
8 0.5
O_XO__XX_
1 0.46589
4 0.49
5 0.5
8 0.5
_OXO__XX_
0 0.441
4 0.55
5 0.5
8 0.5
X_OO__XX_
1 0.4455
4 0.5
5 0.5
8 0.5
_XOO__XX_
0 0.49
4 0.3645
5 0.5
8 0.5
OO__X_XX_
2 0.605
3 0.45
5 1
8 0.5
O_O_X_XX_
1 0.5
3 1
5 0.5
8 0.4851
_OO_X_XX_
0 1
3 0.5
5 0.5
8 0.495
OOOXX_XX_
5 0.5
8 0.405
O__OX_XX_
1 0.5
2 0.55
5 0.45
8 0.5
_O_OX_XX_
0 0.605
2 0.5
5 0.32805
8 0.5
OOXOX_XX_
5 0.5
8 0.45
__OOX_XX_
0 0.55
1 0.35721
5 0.5
8 0.5
OXOOX_XX_
5 0.517656
8 0.5
XOOOX_XX_
5 0.5
8 0.5
____O_XX_
0 0.404838
1 0.461
2 0.49
3 0.411448
5 1
8 0.43659
OX__O_XX_
2 1
3 0.45
5 0.539
8 0.495
XO__O_XX_
2 0.5
3 0.495
5 0.5
8 0.45
O_X_O_XX_
1 0.49
3 0.3969
5 0.5
8 0.45
_OX_O_XX_
0 0.45
3 0.5
5 0.5
8 0.5
X_O_O_XX_
1 0.5
3 0.45
5 0.5
8 0.5
_XO_O_XX_
0 0.45
3 0.5
5 0.5
8 0.5
O__XO_XX_
1 0.5
2 0.45
5 0.5
8 0.5
_O_XO_XX_
0 1
2 0.5
5 0.5
8 0.3645
OOXXO_XX_
5 0.5
8 0.5
__OXO_XX_
0 0.5
1 0.5
5 0.5
8 0.45
OXOXO_XX_
5 0.5
8 0.5
XOOXO_XX_
5 0.5
8 1
X__OO_XX_
1 0.55
2 1
5 0.49
8 0.5
_X_OO_XX_
0 0.55
2 0.5
5 1
8 0.5
__XOO_XX_
0 0.495
1 0.45
5 0.5
8 1
OXXOO_XX_
5 0.605
8 1
XOXOO_XX_
5 0.5
8 0.5
XXOOO_XX_
5 0.45
8 0.5
OO___XXX_
2 0.55
3 0.5
4 1
8 0.5
O_O__XXX_
1 0.423536
3 1
4 0.5
8 0.55
_OO__XXX_
0 0.5
3 0.5
4 0.49
8 0.45
OOOX_XXX_
4 0.5
8 0.5
O__O_XXX_
1 0.5
2 0.5
4 0.45
8 0.5
_O_O_XXX_
0 0.441
2 0.5
4 0.49
8 0.5
OOXO_XXX_
4 0.441
8 0.5
__OO_XXX_
0 0.35721
1 0.45
4 0.45
8 0.5
OXOO_XXX_
4 0.405
8 0.5
XOOO_XXX_
4 0.5
8 0.5
OOO_XXXX_
3 1
8 0.5
OO_OXXXX_
2 1
8 0.5
O_OOXXXX_
1 0.5
8 1
_OOOXXXX_
0 1
8 0.5
O___OXXX_
1 0.5
2 0.5
3 1
8 0.45
_O__OXXX_
0 1
2 0.5
3 0.55
8 0.45
OOX_OXXX_
3 0.5
8 0.5
__O_OXXX_
0 1
1 0.4455
3 0.5
8 0.45
OXO_OXXX_
3 0.3645
8 0.3645
XOO_OXXX_
3 1
8 0.5
OO_XOXXX_
2 0.55
8 0.5
O_OXOXXX_
1 0.5
8 1
_OOXOXXX_
0 1
8 0.5
___OOXXX_
0 0.539
1 0.5
2 1
8 0.5
OX_OOXXX_
2 0.5
8 0.5
XO_OOXXX_
2 0.5
8 0.5
O_XOOXXX_
1 0.5
8 0.405
_OXOOXXX_
0 0.32805
8 0.5
X_OOOXXX_
1 0.5
8 0.3645
_XOOOXXX_
0 0.405
8 0.5
_____OXX_
0 0.4851
1 0.363042
2 0.364354
3 0.441
4 0.494604
8 0.5
OX___OXX_
2 0.502229
3 0.5
4 0.45
8 0.49
XO___OXX_
2 0.495
3 0.5
4 0.45
8 0.5
O_X__OXX_
1 1
3 0.388962
4 0.5
8 0.45
_OX__OXX_
0 1
3 0.5
4 0.5
8 0.5
X_O__OXX_
1 0.586971
3 0.3645
4 0.5
8 0.5
_XO__OXX_
0 0.3969
3 0.5
4 0.5
8 0.495
O__X_OXX_
1 0.5
2 0.49
4 0.353638
8 0.5
_O_X_OXX_
0 0.539
2 0.5
4 1
8 0.5
OOXX_OXX_
4 0.5
8 0.5
__OX_OXX_
0 0.539
1 0.5
4 0.3645
8 0.5
OXOX_OXX_
4 0.5
8 0.5
XOOX_OXX_
4 1
8 0.5
X__O_OXX_
1 0.4851
2 0.5
4 0.5
8 0.5
_X_O_OXX_
0 1
2 0.5
4 0.295245
8 0.5
__XO_OXX_
0 0.99
1 0.49
4 1
8 0.5
OXXO_OXX_
4 1.43482
8 0.5
XOXO_OXX_
4 0.5
8 0.5
XXOO_OXX_
4 0.43218
8 0.5
O___XOXX_
1 0.5
2 0.5
3 0.5
8 0.405
_O__XOXX_
0 0.45
2 0.5
3 1
8 0.405
OOX_XOXX_
3 1
8 0.5
__O_XOXX_
0 1
1 0.55
3 0.405
8 0.45
OXO_XOXX_
3 1
8 0.32805
XOO_XOXX_
3 1
8 0.5
OO_XXOXX_
2 0.3645
8 0.5
O_OXXOXX_
1 0.5
8 1
_OOXXOXX_
0 0.38742
8 0.5
___OXOXX_
0 0.5
1 0.405
2 0.3645
8 0.5
OX_OXOXX_
2 1
8 0.5
XO_OXOXX_
2 0.5
8 0.5
O_XOXOXX_
1 0.5
8 0.5
_OXOXOXX_
0 0.45
8 0.5
X_OOXOXX_
1 0.5
8 0.295245
_XOOXOXX_
0 0.5
8 0.5
X___OOXX_
1 0.55
2 0.45
3 0.55
8 1
_X__OOXX_
0 0.495
2 0.5
3 1
8 0.5
__X_OOXX_
0 0.5
1 0.5
3 1
8 0.5
OXX_OOXX_
3 0.495
8 0.5
XOX_OOXX_
3 1
8 1
XXO_OOXX_
3 0.5
8 0.5
___XOOXX_
0 0.19371
1 0.5
2 1
8 0.5
OX_XOOXX_
2 0.5
8 0.5
XO_XOOXX_
2 1.02
8 0.5
O_XXOOXX_
1 0.5
8 0.5
_OXXOOXX_
0 0.5
8 0.5
X_OXOOXX_
1 0.5
8 0.5
_XOXOOXX_
0 0.45
8 0.5
XX_OOOXX_
2 0.5
8 0.5
X_XOOOXX_
1 0.482207
8 0.5
_XXOOOXX_
0 0.5
8 0.5
X_____OX_
1 0.5
2 0.474538
3 0.489688
4 0.509878
5 0.539051
8 0.483756
_X____OX_
0 0.509796
2 0.5
3 0.607043
4 0.505726
5 0.57222
8 0.4131
__X___OX_
0 0.51
1 0.539
3 0.5
4 0.50796
5 0.509796
8 0.49
OXX___OX_
3 0.495
4 0.5
5 0.5
8 0.5
XOX___OX_
3 0.5
4 0.5
5 0.5
8 0.5
XXO___OX_
3 0.5
4 0.5
5 0.558363
8 0.5
___X__OX_
0 0.526107
1 0.468526
2 0.507757
4 0.5
5 0.55
8 0.498
OX_X__OX_
2 0.5
4 0.5
5 0.605
8 0.5
XO_X__OX_
2 0.55
4 0.5
5 0.539
8 0.5
O_XX__OX_
1 0.55
4 0.4802
5 0.5
8 0.5
_OXX__OX_
0 0.4802
4 0.55
5 0.5
8 0.5
X_OX__OX_
1 1
4 0.4455
5 0.5
8 0.5
_XOX__OX_
0 0.539
4 0.5
5 0.5
8 0.5
XX_O__OX_
2 0.5
4 0.5
5 0.5929
8 0.5
X_XO__OX_
1 0.605
4 0.45
5 0.5
8 0.5
_XXO__OX_
0 1
4 0.5
5 0.478279
8 0.5
____X_OX_
0 0.503253
1 0.489216
2 0.368674
3 0.493287
5 0.5
8 0.379634
OX__X_OX_
2 0.388962
3 0.441
5 0.5
8 0.5
XO__X_OX_
2 0.49
3 0.5
5 0.423536
8 0.315059
O_X_X_OX_
1 0.605
3 0.4802
5 0.5
8 1
_OX_X_OX_
0 0.5
3 0.45
5 0.5
8 0.55
X_O_X_OX_
1 0.43218
3 0.4802
5 0.5
8 0.3969
_XO_X_OX_
0 0.45
3 0.441
5 0.5
8 0.5
O__XX_OX_
1 0.5
2 0.45196
5 0.292292
8 0.5
_O_XX_OX_
0 0.3645
2 0.5
5 0.432224
8 0.5
OOXXX_OX_
5 0.3645
8 0.52822
__OXX_OX_
0 0.441
1 0.32805
5 0.5
8 0.5
OXOXX_OX_
5 0.5
8 0.5
XOOXX_OX_
5 0.5
8 0.49
X__OX_OX_
1 0.55
2 0.45
5 0.49
8 0.5
_X_OX_OX_
0 0.5
2 0.441
5 0.5
8 0.5
__XOX_OX_
0 1
1 0.3645
5 0.5
8 0.5
OXXOX_OX_
5 0.470596
8 0.5
XOXOX_OX_
5 0.5
8 0.5
XXOOX_OX_
5 0.5
8 0.55
XX__O_OX_
2 0.45
3 0.55
5 1
8 0.53361
X_X_O_OX_
1 0.5
3 0.5
5 0.5
8 0.539
_XX_O_OX_
0 0.55
3 0.605
5 0.5
8 0.49
X__XO_OX_
1 0.55
2 0.539
5 1
8 0.5
_X_XO_OX_
0 0.5
2 0.5
5 1
8 0.5
__XXO_OX_
0 0.605
1 0.5
5 0.5
8 0.5
OXXXO_OX_
5 0.5
8 0.5
XOXXO_OX_
5 0.5
8 0.5
XXOXO_OX_
5 0.517705
8 0.5
XXXOO_OX_
5 0.5
8 0.5
_____XOX_
0 0.604758
1 0.534747
2 0.51
3 0.484144
4 0.55182
8 0.5
OX___XOX_
2 0.566182
3 0.5
4 0.605
8 1
XO___XOX_
2 0.6655
3 0.5
4 0.4802
8 0.5
O_X__XOX_
1 0.43218
3 0.5
4 0.5
8 0.5
_OX__XOX_
0 0.93178
3 0.5
4 0.5
8 0.55
X_O__XOX_
1 0.98
3 0.5
4 0.5
8 0.4802
_XO__XOX_
0 0.495
3 0.5
4 0.5
8 0.605
O__X_XOX_
1 0.717409
2 0.49
4 0.32805
8 0.5
_O_X_XOX_
0 0.441
2 0.5
4 0.321489
8 0.5
OOXX_XOX_
4 1
8 0.5
__OX_XOX_
0 0.98
1 0.5445
4 1
8 0.5
OXOX_XOX_
4 0.5
8 0.5
XOOX_XOX_
4 0.519963
8 0.5
X__O_XOX_
1 0.52822
2 0.4802
4 0.581042
8 0.5
_X_O_XOX_
0 0.470596
2 0.5
4 0.45
8 0.5
__XO_XOX_
0 0.45
1 0.49
4 0.45
8 0.5
OXXO_XOX_
4 0.567164
8 0.5
XOXO_XOX_
4 0.5
8 0.5
XXOO_XOX_
4 0.45
8 0.5
O___XXOX_
1 0.5
2 0.4455
3 0.40095
8 1
_O__XXOX_
0 0.495
2 1
3 0.475447
8 0.639146
OOX_XXOX_
3 0.3645
8 0.5
__O_XXOX_
0 0.495
1 0.441
3 0.5
8 0.55
OXO_XXOX_
3 0.5
8 0.239148
XOO_XXOX_
3 0.5
8 0.5
OO_XXXOX_
2 0.45
8 0.5
O_OXXXOX_
1 0.5
8 0.5
_OOXXXOX_
0 0.5
8 0.5
___OXXOX_
0 1
1 0.5
2 0.49
8 0.5
OX_OXXOX_
2 0.26572
8 0.5
XO_OXXOX_
2 0.5
8 0.5
O_XOXXOX_
1 0.5
8 0.5
_OXOXXOX_
0 1
8 0.5
X_OOXXOX_
1 0.5
8 0.239148
_XOOXXOX_
0 0.5
8 0.5
X___OXOX_
1 0.5
2 0.5
3 1
8 0.55
_X__OXOX_
0 0.885781
2 0.5
3 1
8 0.55
__X_OXOX_
0 0.5
1 1
3 0.5
8 0.49
OXX_OXOX_
3 0.55
8 0.32805
XOX_OXOX_
3 1
8 0.5
XXO_OXOX_
3 0.5
8 0.5
___XOXOX_
0 1
1 0.55
2 1
8 0.5
OX_XOXOX_
2 1
8 0.5
XO_XOXOX_
2 0.5
8 0.5
O_XXOXOX_
1 0.295245
8 0.5
_OXXOXOX_
0 0.26572
8 0.5
X_OXOXOX_
1 0.405
8 0.5
_XOXOXOX_
0 1
8 0.5
XX_OOXOX_
2 0.4851
8 0.5
X_XOOXOX_
1 0.5
8 0.32805
_XXOOXOX_
0 1
8 0.5
XX___OOX_
2 0.49
3 0.5
4 0.5
8 0.5
X_X__OOX_
1 0.52822
3 0.49
4 0.5
8 0.5
_XX__OOX_
0 0.5929
3 0.5
4 0.5
8 0.45
X__X_OOX_
1 0.49
2 0.5
4 0.605
8 0.5
_X_X_OOX_
0 0.5
2 0.5
4 0.5445
8 0.5
__XX_OOX_
0 0.5
1 0.5
4 1
8 0.5
OXXX_OOX_
4 1
8 0.5
XOXX_OOX_
4 0.605
8 0.5
XXOX_OOX_
4 0.5
8 0.5
XXXO_OOX_
4 0.5
8 0.5
X___XOOX_
1 0.250094
2 0.3969
3 0.318274
8 0.388962
_X__XOOX_
0 0.5
2 0.5
3 0.5
8 0.5
__X_XOOX_
0 0.45
1 0.4802
3 0.5
8 0.441
OXX_XOOX_
3 0.605
8 0.295245
XOX_XOOX_
3 0.5
8 0.5
XXO_XOOX_
3 0.5
8 0.5
___XXOOX_
0 0.4802
1 0.5
2 0.239148
8 0.5
OX_XXOOX_
2 0.81
8 0.5
XO_XXOOX_
2 0.5
8 0.5
O_XXXOOX_
1 0.5
8 0.5
_OXXXOOX_
0 0.26572
8 0.5
X_OXXOOX_
1 0.5
8 0.405
_XOXXOOX_
0 0.5
8 0.5
XX_OXOOX_
2 0.45
8 0.5
X_XOXOOX_
1 0.45
8 0.295245
_XXOXOOX_
0 0.45
8 0.5
XXX_OOOX_
3 1
8 0.5
XX_XOOOX_
2 0.5
8 0.5
X_XXOOOX_
1 0.49
8 0.5
_XXXOOOX_
0 0.405
8 0.5
XX_____O_
2 0.52822
3 0.5
4 0.629191
5 0.5202
6 0.459
8 0.478088
X_X____O_
1 0.55
3 0.503703
4 0.404838
5 0.441
6 0.5
8 0.49
_XX____O_
0 0.513571
3 0.5
4 0.522729
5 0.388962
6 0.5202
8 0.498
X__X___O_
1 0.466727
2 0.403219
4 0.534697
5 0.5
6 0.43218
8 0.49
_X_X___O_
0 0.58044
2 0.5
4 0.788646
5 0.5
6 0.518119
8 0.5
__XX___O_
0 0.5202
1 0.49
4 0.507303
5 0.5
6 0.659923
8 0.50796
OXXX___O_
4 0.45
5 0.5
6 0.5
8 0.5
XOXX___O_
4 0.45
5 0.43218
6 0.5
8 0.5
XXOX___O_
4 0.5
5 0.5
6 0.5
8 0.5
XXXO___O_
4 0.424147
5 0.5
6 0.611234
8 0.5
X___X__O_
1 0.536629
2 0.41814
3 0.552472
5 0.419986
6 0.5
8 0.293811
_X__X__O_
0 0.471619
2 0.5
3 0.370378
5 0.486088
6 0.5
8 0.474461
__X_X__O_
0 0.427688
1 0.425211
3 0.55
5 0.306169
6 0.357246
8 0.430083
OXX_X__O_
3 0.55
5 0.32805
6 0.475398
8 0.3969
XOX_X__O_
3 0.5
5 0.4455
6 0.53361
8 0.405
XXO_X__O_
3 0.4455
5 0.5
6 0.471811
8 0.5
___XX__O_
0 0.379658
1 0.372065
2 0.364624
5 0.5
6 0.49
8 0.458972
OX_XX__O_
2 0.45
5 0.45
6 0.272324
8 0.5
XO_XX__O_
2 0.405
5 0.5
6 0.52822
8 0.5
O_XXX__O_
1 0.405
5 0.388962
6 0.43218
8 0.5
_OXXX__O_
0 0.43218
5 0.45
6 0.388962
8 0.5
X_OXX__O_
1 0.495
5 0.350066
6 0.5
8 0.5
_XOXX__O_
0 0.45
5 0.405
6 0.5
8 0.5
XX_OX__O_
2 0.45
5 0.405
6 0.45
8 0.5
X_XOX__O_
1 0.5
5 0.3969
6 0.55
8 0.5
_XXOX__O_
0 0.5
5 0.5
6 0.5
8 0.5
XXX_O__O_
3 0.5
5 0.4802
6 0.5
8 0.5
XX_XO__O_
2 0.495
5 0.441
6 0.5
8 0.5
X_XXO__O_
1 0.5
5 1
6 0.5
8 0.5
_XXXO__O_
0 0.6171
5 0.5
6 0.554074
8 0.5
X____X_O_
1 0.556299
2 0.581042
3 0.497801
4 0.48395
6 0.538784
8 0.5
_X___X_O_
0 0.495
2 0.5
3 0.517498
4 0.486088
6 0.49
8 0.5
__X__X_O_
0 0.558033
1 0.654871
3 0.5
4 0.388962
6 0.560776
8 0.5
OXX__X_O_
3 1
4 0.5
6 0.55
8 0.495
XOX__X_O_
3 0.605
4 0.5
6 0.49
8 0.5
XXO__X_O_
3 0.507403
4 0.5
6 0.478279
8 0.5
___X_X_O_
0 0.448021
1 0.5445
2 0.495
4 0.5
6 0.671753
8 0.5
OX_X_X_O_
2 1
4 0.5
6 0.5445
8 0.5
XO_X_X_O_
2 0.6655
4 0.5
6 0.495
8 0.5
O_XX_X_O_
1 1
4 0.43218
6 0.5
8 0.5
_OXX_X_O_
0 0.45
4 0.5
6 0.5445
8 0.5
X_OX_X_O_
1 0.405
4 0.5
6 0.45
8 0.5
_XOX_X_O_
0 0.45
4 0.5
6 0.5
8 0.5
XX_O_X_O_
2 0.45
4 0.5
6 0.4802
8 0.5
X_XO_X_O_
1 0.45
4 0.495
6 0.45
8 0.5
_XXO_X_O_
0 0.398629
4 0.5
6 0.356924
8 0.5
____XX_O_
0 0.480249
1 0.384313
2 0.370429
3 0.48765
6 0.43218
8 0.5
OX__XX_O_
2 0.4455
3 0.5
6 0.517656
8 0.5
XO__XX_O_
2 0.5
3 0.5
6 0.389002
8 0.5
O_X_XX_O_
1 0.49
3 0.5
6 0.5445
8 0.55
_OX_XX_O_
0 0.35721
3 0.5
6 0.405
8 0.45
X_O_XX_O_
1 0.5
3 0.381183
6 0.5
8 0.5
_XO_XX_O_
0 0.5
3 0.5
6 0.5
8 0.49
O__XXX_O_
1 0.5
2 0.5
6 0.5
8 0.5
_O_XXX_O_
0 0.5
2 0.5
6 0.5
8 0.5
OOXXXX_O_
6 0.5
8 0.5
__OXXX_O_
0 0.539
1 0.5
6 0.5
8 0.5
OXOXXX_O_
6 0.392931
8 0.5
XOOXXX_O_
6 0.5
8 0.5
X__OXX_O_
1 0.55
2 0.43218
6 0.461232
8 0.5
_X_OXX_O_
0 0.81
2 0.5
6 0.392931
8 0.5
__XOXX_O_
0 0.26572
1 0.45
6 0.5
8 0.5
OXXOXX_O_
6 0.45
8 0.5
XOXOXX_O_
6 0.45
8 0.5
XXOOXX_O_
6 0.495
8 0.5
XX__OX_O_
2 0.5
3 0.5
6 0.55
8 0.45
X_X_OX_O_
1 0.45
3 1
6 0.5
8 0.5
_XX_OX_O_
0 0.539
3 0.5
6 0.5
8 0.45
X__XOX_O_
1 0.5
2 0.5
6 0.59895
8 0.5
_X_XOX_O_
0 0.45
2 0.5
6 1
8 0.5
__XXOX_O_
0 0.9
1 0.5
6 0.5
8 0.5
OXXXOX_O_
6 0.5
8 0.5
XOXXOX_O_
6 0.5
8 0.5
XXOXOX_O_
6 0.5
8 0.5
XXXOOX_O_
6 0.45
8 0.5
XXX__O_O_
3 0.5
4 0.5
6 0.5
8 0.5
XX_X_O_O_
2 0.55
4 0.5
6 0.49
8 0.5
X_XX_O_O_
1 0.605
4 0.5
6 0.45
8 0.5
_XXX_O_O_
0 0.28934
4 0.5
6 0.405
8 0.5
XX__XO_O_
2 0.4851
3 0.5
6 0.419343
8 0.283553
X_X_XO_O_
1 0.405
3 0.321489
6 0.605
8 0.45
_XX_XO_O_
0 0.5929
3 0.5
6 0.495
8 0.336204
X__XXO_O_
1 0.5
2 0.32805
6 0.586971
8 0.5
_X_XXO_O_
0 0.45
2 0.5
6 0.385072
8 0.5
__XXXO_O_
0 0.295245
1 0.49
6 1
8 0.5
OXXXXO_O_
6 0.5
8 0.5
XOXXXO_O_
6 0.5
8 0.5
XXOXXO_O_
6 0.5
8 0.5
XXXOXO_O_
6 0.486088
8 0.5
XXXXOO_O_
6 0.5
8 0.5
X_____XO_
1 0.5
2 0.486088
3 0.49
4 0.48804
5 0.470596
8 0.5
_X____XO_
0 0.50796
2 0.5
3 0.404838
4 0.498
5 0.48804
8 0.49
__X___XO_
0 0.373558
1 0.461076
3 0.5
4 0.5
5 0.4802
8 0.497801
OXX___XO_
3 1
4 0.6655
5 0.5
8 0.3969
XOX___XO_
3 0.5
4 0.5
5 0.5
8 0.5
XXO___XO_
3 0.5
4 0.5
5 0.421843
8 0.5
___X__XO_
0 0.4998
1 0.5478
2 0.503904
4 0.5
5 0.4482
8 0.470596
OX_X__XO_
2 0.295245
4 0.5
5 0.5
8 0.5
XO_X__XO_
2 0.392931
4 0.5
5 0.5
8 0.5
O_XX__XO_
1 0.5
4 0.4802
5 0.5
8 0.5
_OXX__XO_
0 0.49
4 0.5
5 0.5
8 0.5
X_OX__XO_
1 0.45196
4 0.5
5 0.5
8 0.5
_XOX__XO_
0 0.5
4 0.49
5 0.5
8 0.5
XX_O__XO_
2 0.5
4 0.45
5 0.5
8 0.5
X_XO__XO_
1 0.45
4 0.405
5 0.5
8 0.5
_XXO__XO_
0 0.45
4 0.5
5 0.430451
8 0.5
____X_XO_
0 0.421674
1 0.311506
2 0.457577
3 0.408464
5 0.4802
8 0.4802
OX__X_XO_
2 0.5
3 0.32805
5 0.5
8 0.5
XO__X_XO_
2 0.5
3 0.5
5 0.43218
8 0.405
O_X_X_XO_
1 0.3969
3 0.5
5 0.5
8 0.5
_OX_X_XO_
0 0.539
3 0.5
5 0.5
8 0.5
X_O_X_XO_
1 0.3969
3 0.381182
5 0.5
8 0.45196
_XO_X_XO_
0 0.45
3 0.5
5 0.5
8 0.49
O__XX_XO_
1 0.5
2 0.4455
5 0.45
8 0.5
_O_XX_XO_
0 0.295245
2 0.5
5 0.295245
8 0.5
OOXXX_XO_
5 0.5
8 0.49
__OXX_XO_
0 0.4802
1 0.405
5 0.5
8 0.5
OXOXX_XO_
5 0.5
8 0.5
XOOXX_XO_
5 0.49
8 0.295245
X__OX_XO_
1 0.5
2 0.308758
5 0.4802
8 0.5
_X_OX_XO_
0 0.5
2 0.5
5 0.5
8 0.5
__XOX_XO_
0 0.5
1 0.5
5 0.5
8 0.5
OXXOX_XO_
5 0.45
8 0.239148
XOXOX_XO_
5 0.5
8 0.5
XXOOX_XO_
5 0.405
8 0.3645
XX__O_XO_
2 0.5
3 0.45
5 0.5
8 0.4802
X_X_O_XO_
1 0.5
3 1
5 0.5
8 0.45
_XX_O_XO_
0 0.4851
3 0.5
5 0.5
8 0.5
X__XO_XO_
1 0.5
2 0.45
5 0.5
8 0.5
_X_XO_XO_
0 0.55
2 0.5
5 1
8 0.5
__XXO_XO_
0 0.5
1 0.5
5 0.5
8 0.5
OXXXO_XO_
5 0.498
8 0.5
XOXXO_XO_
5 0.5
8 0.5
XXOXO_XO_
5 0.483949
8 0.5
XXXOO_XO_
5 0.5
8 0.5
_____XXO_
0 0.536844
1 0.5478
2 0.49
3 0.486088
4 0.48804
8 0.5
OX___XXO_
2 0.81
3 0.5
4 0.49
8 0.5
XO___XXO_
2 0.4455
3 0.5
4 0.441
8 0.5
O_X__XXO_
1 0.5
3 0.43659
4 0.5
8 0.4802
_OX__XXO_
0 0.381182
3 0.5
4 0.5
8 0.441
X_O__XXO_
1 0.5
3 0.5
4 0.5
8 0.5
_XO__XXO_
0 0.4851
3 0.5
4 0.5
8 0.5
O__X_XXO_
1 1
2 0.605
4 0.295245
8 0.5
_O_X_XXO_
0 0.32805
2 0.5
4 1
8 0.5
OOXX_XXO_
4 0.4455
8 0.5
__OX_XXO_
0 0.5
1 0.5
4 0.5
8 0.5
OXOX_XXO_
4 0.5
8 0.5
XOOX_XXO_
4 0.5929
8 0.5
X__O_XXO_
1 0.5
2 0.49
4 0.49
8 0.5
_X_O_XXO_
0 0.388962
2 0.5
4 0.405
8 0.5
__XO_XXO_
0 1
1 0.405
4 0.405
8 0.5
OXXO_XXO_
4 0.45
8 0.5
XOXO_XXO_
4 0.5
8 0.5
XXOO_XXO_
4 0.255198
8 0.5
O___XXXO_
1 0.5
2 0.45
3 0.5
8 0.49
_O__XXXO_
0 0.43218
2 0.5
3 0.470596
8 0.423536
OOX_XXXO_
3 0.26572
8 0.5
__O_XXXO_
0 0.539
1 0.52822
3 0.5
8 0.49
OXO_XXXO_
3 0.5
8 0.239148
XOO_XXXO_
3 0.5
8 0.5
OO_XXXXO_
2 0.423536
8 0.5
O_OXXXXO_
1 0.3645
8 0.5
_OOXXXXO_
0 0.405
8 0.5
___OXXXO_
0 0.5
1 0.5
2 0.5
8 0.5
OX_OXXXO_
2 0.5
8 0.5
XO_OXXXO_
2 0.5
8 0.5
O_XOXXXO_
1 0.5
8 0.5
_OXOXXXO_
0 0.49
8 0.5
X_OOXXXO_
1 0.5
8 0.32805
_XOOXXXO_
0 0.49
8 0.5
X___OXXO_
1 0.49
2 1
3 0.5
8 0.49
_X__OXXO_
0 0.5
2 0.5
3 1
8 0.5
__X_OXXO_
0 0.55
1 0.405
3 0.45
8 0.5
OXX_OXXO_
3 0.5
8 0.5
XOX_OXXO_
3 0.5
8 0.5
XXO_OXXO_
3 0.5
8 0.5
___XOXXO_
0 0.5
1 1
2 1
8 0.5
OX_XOXXO_
2 0.5
8 0.5
XO_XOXXO_
2 0.3645
8 0.5
O_XXOXXO_
1 0.32805
8 0.5
_OXXOXXO_
0 0.405
8 0.5
X_OXOXXO_
1 0.5
8 0.5
_XOXOXXO_
0 0.5
8 0.5
XX_OOXXO_
2 0.441
8 0.5
X_XOOXXO_
1 0.5
8 1
_XXOOXXO_
0 0.4455
8 0.5
XX___OXO_
2 0.645668
3 0.5
4 0.581042
8 0.5
X_X__OXO_
1 0.5
3 0.45
4 0.5
8 0.441
_XX__OXO_
0 0.43218
3 0.5
4 0.5
8 0.45
X__X_OXO_
1 0.3645
2 0.5
4 0.5
8 0.5
_X_X_OXO_
0 0.49
2 0.5
4 0.4455
8 0.5
__XX_OXO_
0 0.5
1 0.55
4 0.5
8 0.5
OXXX_OXO_
4 0.5
8 0.5
XOXX_OXO_
4 0.234365
8 0.5
XXOX_OXO_
4 0.5
8 0.5
XXXO_OXO_
4 0.850704
8 0.5
X___XOXO_
1 0.5
2 0.405
3 0.40095
8 0.3969
_X__XOXO_
0 0.49
2 0.5
3 0.4802
8 0.441
__X_XOXO_
0 0.5
1 0.5
3 1
8 0.5
OXX_XOXO_
3 0.55
8 0.5
XOX_XOXO_
3 0.32805
8 0.405
XXO_XOXO_
3 0.5
8 0.5
___XXOXO_
0 0.5
1 0.43218
2 0.405
8 0.5
OX_XXOXO_
2 0.5
8 0.5
XO_XXOXO_
2 1
8 0.5
O_XXXOXO_
1 0.32805
8 0.5
_OXXXOXO_
0 0.5
8 0.5
X_OXXOXO_
1 0.5
8 0.5
_XOXXOXO_
0 0.295245
8 0.5
XX_OXOXO_
2 0.5
8 0.5
X_XOXOXO_
1 0.5
8 0.5
_XXOXOXO_
0 0.5
8 0.5
XXX_OOXO_
3 0.5
8 0.5
XX_XOOXO_
2 0.5
8 0.5
X_XXOOXO_
1 0.5
8 0.5
_XXXOOXO_
0 0.5
8 0.5
XXX___OO_
3 0.950796
4 0.5
5 0.5
8 0.5
XX_X__OO_
2 1
4 0.55
5 0.55
8 0.5
X_XX__OO_
1 0.441
4 0.4851
5 0.5
8 0.5
_XXX__OO_
0 0.5
4 0.45
5 0.5
8 0.5
XX__X_OO_
2 1
3 0.43218
5 0.49
8 0.45
X_X_X_OO_
1 1
3 0.507355
5 0.5
8 0.605
_XX_X_OO_
0 1.1
3 0.605
5 0.5
8 0.55
X__XX_OO_
1 0.5
2 0.3645
5 0.55
8 0.5
_X_XX_OO_
0 1
2 0.4802
5 1
8 0.5
__XXX_OO_
0 0.5
1 0.19371
5 1
8 0.5
OXXXX_OO_
5 0.5
8 0.26572
XOXXX_OO_
5 0.5
8 0.5
XXOXX_OO_
5 1
8 0.5
XXXOX_OO_
5 0.5
8 0.5
XXXXO_OO_
5 0.470596
8 0.5
XX___XOO_
2 1
3 0.5
4 0.6655
8 0.49
X_X__XOO_
1 1
3 0.55
4 0.5
8 0.5
_XX__XOO_
0 1.1
3 0.5
4 0.5
8 0.45
X__X_XOO_
1 1
2 0.805255
4 0.522938
8 0.5
_X_X_XOO_
0 1
2 0.5
4 1
8 0.5
__XX_XOO_
0 1
1 0.55
4 1
8 0.5
OXXX_XOO_
4 1
8 0.5
XOXX_XOO_
4 1
8 0.5
XXOX_XOO_
4 0.5
8 0.5
XXXO_XOO_
4 0.5
8 0.5
X___XXOO_
1 0.5
2 0.4455
3 0.45
8 0.5
_X__XXOO_
0 1
2 0.5
3 1
8 0.5
__X_XXOO_
0 0.45
1 1
3 1
8 0.4802
OXX_XXOO_
3 0.5
8 0.32805
XOX_XXOO_
3 0.5
8 0.3645
XXO_XXOO_
3 0.5
8 0.5
___XXXOO_
0 0.5
1 0.5
2 0.5
8 0.5
OX_XXXOO_
2 0.5
8 0.5
XO_XXXOO_
2 0.5
8 0.5
O_XXXXOO_
1 0.5
8 0.5
_OXXXXOO_
0 1
8 0.5
X_OXXXOO_
1 0.5
8 0.5
_XOXXXOO_
0 0.405
8 0.5
XX_OXXOO_
2 1
8 0.5
X_XOXXOO_
1 1
8 0.239148
_XXOXXOO_
0 1
8 0.5
XXX_OXOO_
3 1
8 0.5
XX_XOXOO_
2 0.5
8 0.5
X_XXOXOO_
1 1
8 1
_XXXOXOO_
0 1
8 0.5
XXXX_OOO_
4 1
8 0.5
XXX_XOOO_
3 0.45
8 0.5
XX_XXOOO_
2 0.5
8 0.5
X_XXXOOO_
1 0.5
8 0.295245
_XXXXOOO_
0 0.49
8 0.5
________X
0 0.565143
1 0.423967
2 0.465447
3 0.43396
4 0.519037
5 0.457853
6 0.455236
7 0.424831
OX______X
2 0.452035
3 0.49
4 0.49008
5 0.534483
6 0.50796
7 0.503904
XO______X
2 0.536844
3 0.49
4 0.444161
5 0.455673
6 0.5
7 0.49
O_X_____X
1 0.478088
3 0.464026
4 0.5
5 0.43659
6 0.4998
7 0.51
_OX_____X
0 0.4851
3 0.517498
4 0.5
5 0.487845
6 0.48804
7 0.468714
X_O_____X
1 0.592957
3 0.468944
4 0.5
5 0.498
6 0.58793
7 0.50796
_XO_____X
0 0.491734
3 0.487845
4 0.5
5 0.48804
6 0.470485
7 0.516047
O__X____X
1 0.495809
2 0.525687
4 0.5
5 0.5
6 0.5
7 0.498
_O_X____X
0 0.539051
2 0.5
4 0.497801
5 0.5
6 0.507303
7 0.478279
OOXX____X
4 0.55
5 0.555685
6 0.5
7 0.5
__OX____X
0 0.48804
1 0.519992
4 0.49
5 0.5
6 0.65702
7 0.478357
OXOX____X
4 0.5
5 0.4802
6 0.45
7 0.5
XOOX____X
4 0.307523
5 0.43218
6 0.5
7 0.5
X__O____X
1 0.55
2 0.479895
4 0.501889
5 0.5
6 0.5478
7 0.4482
_X_O____X
0 0.482207
2 0.373559
4 0.5
5 0.5
6 0.476366
7 0.49
__XO____X
0 0.539
1 0.55
4 1
5 0.45
6 0.489804
7 0.5202
OXXO____X
4 0.405
5 0.5
6 0.5
7 0.49
XOXO____X
4 0.5
5 0.5
6 0.539
7 0.45
XXOO____X
4 0.909822
5 0.459415
6 0.5
7 0.5
O___X___X
1 0.264836
2 0.336822
3 0.59514
5 0.65219
6 0.5
7 0.48812
_O__X___X
0 0.702846
2 0.5
3 0.339498
5 0.448425
6 0.5
7 0.401902
OOX_X___X
3 0.381773
5 0.36571
6 0.5
7 0.45
__O_X___X
0 0.526107
1 0.388962
3 0.321489
5 0.343064
6 0.5
7 0.393865
OXO_X___X
3 0.5
5 0.5
6 0.5
7 0.45
XOO_X___X
3 0.5
5 0.49
6 0.49
7 0.5
OO_XX___X
2 0.5
5 0.65219
6 0.495
7 0.405
O_OXX___X
1 0.5
5 1
6 0.441
7 0.45
_OOXX___X
0 0.731507
5 0.139669
6 0.5
7 0.5
___OX___X
0 0.599689
1 0.38865
2 1.05611
5 0.49
6 0.5
7 0.316431
OX_OX___X
2 0.5
5 0.5
6 0.5
7 0.5
XO_OX___X
2 0.5
5 0.55
6 1
7 0.45
O_XOX___X
1 0.5
5 0.405
6 0.5
7 0.3645
_OXOX___X
0 0.5
5 0.5
6 0.5
7 0.5
X_OOX___X
1 0.5
5 0.45
6 0.43659
7 0.45
_XOOX___X
0 0.498
5 0.49
6 0.5
7 0.5
X___O___X
1 0.5202
2 0.47022
3 0.5929
5 0.497801
6 0.5
7 0.539
_X__O___X
0 0.509675
2 0.405
3 0.558756
5 0.528009
6 0.5
7 0.54956
__X_O___X
0 0.478279
1 0.49
3 0.49
5 0.441
6 0.5
7 0.51
OXX_O___X
3 0.5
5 0.5
6 0.35721
7 0.495
XOX_O___X
3 0.5
5 0.49
6 1
7 0.55
XXO_O___X
3 0.55
5 0.595337
6 0.5
7 0.5
___XO___X
0 0.509796
1 0.49
2 0.578718
5 0.5
6 0.5
7 0.51
OX_XO___X
2 0.5
5 0.5
6 0.55
7 1
XO_XO___X
2 0.5
5 0.5
6 0.55
7 0.45
O_XXO___X
1 0.5
5 0.405
6 0.5
7 1
_OXXO___X
0 0.45
5 0.4851
6 1
7 0.5
X_OXO___X
1 0.5
5 0.441
6 1
7 0.539
_XOXO___X
0 0.49
5 1
6 0.441
7 0.49
XX_OO___X
2 0.5
5 0.5
6 0.5
7 0.55
X_XOO___X
1 0.5
5 0.5
6 0.3645
7 0.405
_XXOO___X
0 0.534533
5 0.4869
6 0.5
7 0.5
O____X__X
1 0.52154
2 0.517656
3 0.51
4 0.551364
6 0.44964
7 0.5
_O___X__X
0 0.46818
2 0.5
3 0.48804
4 0.4482
6 0.498
7 0.5
OOX__X__X
3 0.49
4 0.4802
6 0.5
7 0.5
__O__X__X
0 0.52822
1 0.5
3 0.5
4 0.470408
6 0.513982
7 0.5
OXO__X__X
3 0.639146
4 0.5
6 0.441
7 0.406764
XOO__X__X
3 0.73205
4 0.5
6 0.5
7 0.658845
OO_X_X__X
2 0.55
4 0.5
6 0.5
7 0.5
O_OX_X__X
1 0.55
4 1
6 0.55
7 0.605
_OOX_X__X
0 1.1
4 0.385856
6 0.5
7 0.5
___O_X__X
0 0.404352
1 0.48804
2 0.48804
4 0.406764
6 0.5
7 0.5
OX_O_X__X
2 0.423536
4 0.5
6 0.43218
7 0.5
XO_O_X__X
2 0.5
4 0.5
6 0.5
7 0.5
O_XO_X__X
1 0.5
4 0.5
6 0.5
7 0.5
_OXO_X__X
0 0.539
4 0.5
6 0.49
7 0.5
X_OO_X__X
1 0.5
4 0.5
6 0.5
7 0.5
_XOO_X__X
0 0.5
4 0.5
6 0.658845
7 0.49005
OO__XX__X
2 0.5
3 0.5
6 1
7 0.4802
O_O_XX__X
1 0.5
3 0.5
6 0.405
7 0.605
_OO_XX__X
0 1
3 0.55
6 0.5
7 0.4455
OOOXXX__X
6 0.5
7 0.5
O__OXX__X
1 0.5
2 0.55
6 0.495
7 0.398629
_O_OXX__X
0 0.72473
2 0.295245
6 0.495
7 0.5
OOXOXX__X
6 0.5
7 0.5
__OOXX__X
0 0.5
1 0.405
6 0.5
7 0.5
OXOOXX__X
6 0.5
7 0.5
XOOOXX__X
6 0.440824
7 0.5
____OX__X
0 0.49
1 0.605
2 0.495
3 0.466307
6 0.5
7 0.5
OX__OX__X
2 0.5
3 0.5
6 0.6655
7 1
XO__OX__X
2 0.5
3 0.5
6 0.5
7 0.49
O_X_OX__X
1 0.5
3 0.5
6 0.5
7 0.5
_OX_OX__X
0 0.5
3 0.5
6 1
7 0.55
X_O_OX__X
1 0.5
3 0.517656
6 0.5
7 0.4802
_XO_OX__X
0 0.49
3 0.5
6 0.53361
7 0.6655
O__XOX__X
1 0.5
2 0.55
6 0.55
7 0.5
_O_XOX__X
0 1
2 0.5
6 0.5
7 0.5
OOXXOX__X
6 1
7 0.5
__OXOX__X
0 0.55
1 0.5
6 1
7 0.5
OXOXOX__X
6 0.441
7 0.5
XOOXOX__X
6 0.5
7 0.5
X__OOX__X
1 0.5
2 0.5
6 0.605
7 0.45
_X_OOX__X
0 0.43218
2 0.5
6 0.539
7 0.5
__XOOX__X
0 1
1 0.5
6 0.5
7 0.5
OXXOOX__X
6 0.5
7 0.5
XOXOOX__X
6 0.5
7 0.5
XXOOOX__X
6 0.497801
7 0.4802
X____O__X
1 0.524054
2 0.418308
3 0.468713
4 0.416161
6 0.54978
7 0.5
_X___O__X
0 0.459413
2 0.478088
3 0.50796
4 0.5
6 0.55
7 0.5
__X__O__X
0 0.48804
1 0.4802
3 0.55
4 0.509796
6 0.51
7 0.5
OXX__O__X
3 0.5
4 0.5
6 0.49
7 0.6655
XOX__O__X
3 0.65219
4 0.5
6 0.5
7 0.5
XXO__O__X
3 0.492048
4 0.486088
6 0.5
7 0.5
___X_O__X
0 0.48804
1 0.476175
2 0.49
4 0.5
6 0.498
7 0.5
OX_X_O__X
2 0.5
4 0.5
6 0.49
7 0.5
XO_X_O__X
2 0.5
4 0.5
6 0.45
7 0.5
O_XX_O__X
1 0.5
4 0.5
6 0.5
7 0.49
_OXX_O__X
0 0.5
4 0.5
6 0.5
7 0.5
X_OX_O__X
1 0.605
4 0.45
6 0.605
7 0.4802
_XOX_O__X
0 0.5
4 0.5
6 0.5
7 0.49
XX_O_O__X
2 1
4 0.5
6 0.495
7 0.5
X_XO_O__X
1 0.5
4 0.5
6 0.495
7 0.45
_XXO_O__X
0 0.00301146
4 0.0387996
6 0.5
7 0.5
____XO__X
0 0.444595
1 0.333494
2 0.320184
3 0.226142
6 0.5
7 0.5
OX__XO__X
2 0.5
3 0.5
6 0.350066
7 0.49
XO__XO__X
2 0.5
3 0.5
6 0.605
7 0.381182
O_X_XO__X
1 0.5
3 0.49
6 0.415065
7 0.456571
_OX_XO__X
0 0.4802
3 0.5
6 0.5
7 0.405
X_O_XO__X
1 0.5
3 0.5
6 0.35721
7 0.4802
_XO_XO__X
0 0.5
3 0.5
6 0.5
7 0.388962
O__XXO__X
1 0.5
2 0.441
6 0.539
7 0.4802
_O_XXO__X
0 0.415065
2 0.3969
6 0.4851
7 0.5
OOXXXO__X
6 0.405
7 0.5
__OXXO__X
0 0.5
1 0.5
6 0.5
7 0.5
OXOXXO__X
6 0.5
7 0.5
XOOXXO__X
6 0.5
7 0.5
X__OXO__X
1 0.5
2 0.5
6 0.405
7 0.5
_X_OXO__X
0 1
2 0.405
6 0.4802
7 0.45
__XOXO__X
0 0.35721
1 0.32805
6 0.5
7 0.5
OXXOXO__X
6 0.5
7 0.5
XOXOXO__X
6 0.5
7 0.405
XXOOXO__X
6 0.5
7 0.5
XX__OO__X
2 0.5
3 0.5
6 0.45
7 1
X_X_OO__X
1 0.5
3 0.55
6 0.45
7 1
_XX_OO__X
0 0.5
3 0.5
6 0.5
7 0.45
X__XOO__X
1 0.5
2 0.5
6 0.55
7 0.49
_X_XOO__X
0 0.5
2 0.5
6 0.5
7 0.55
__XXOO__X
0 1
1 0.495
6 0.5
7 1
OXXXOO__X
6 0.5
7 0.5
XOXXOO__X
6 0.5
7 0.5
XXOXOO__X
6 0.5
7 0.5
XXXOOO__X
6 0.49
7 0.48804
O_____X_X
1 0.5
2 0.524913
3 0.5478
4 0.470408
5 0.390588
7 0.448021
_O____X_X
0 0.441
2 0.49
3 0.441
4 0.5
5 0.4998
7 0.50796
OOX___X_X
3 0.5
4 0.470596
5 0.5
7 0.5
__O___X_X
0 0.456571
1 0.55
3 0.5
4 0.5
5 0.5
7 0.439236
OXO___X_X
3 0.5
4 0.5
5 0.5
7 0.442921
XOO___X_X
3 0.5
4 0.45
5 0.5
7 0.49005
OO_X__X_X
2 0.49
4 0.45
5 1
7 0.5
O_OX__X_X
1 0.45
4 0.45
5 0.5
7 0.5
_OOX__X_X
0 1
4 0.497683
5 0.5
7 0.5
___O__X_X
0 0.283649
1 0.4802
2 0.470596
4 0.49
5 0.4998
7 0.49
OX_O__X_X
2 0.495
4 0.5
5 0.45
7 0.45
XO_O__X_X
2 0.55
4 0.5
5 0.5
7 0.45
O_XO__X_X
1 0.5
4 0.495
5 0.5
7 0.5
_OXO__X_X
0 0.405
4 0.5
5 0.5
7 0.5
X_OO__X_X
1 0.5
4 0.5
5 0.5
7 0.5
_XOO__X_X
0 0.5
4 0.3645
5 0.5
7 0.55
OO__X_X_X
2 0.5
3 0.5
5 1
7 0.605
O_O_X_X_X
1 0.5
3 1
5 0.5
7 0.5
_OO_X_X_X
0 0.5
3 0.5
5 0.5
7 0.5
OOOXX_X_X
5 0.5
7 0.45
O__OX_X_X
1 0.5
2 0.49
5 0.5
7 0.5
_O_OX_X_X
0 0.49
2 0.5
5 0.539
7 0.5
OOXOX_X_X
5 0.5
7 0.336204
__OOX_X_X
0 0.43218
1 0.43659
5 0.5
7 0.3645
OXOOX_X_X
5 0.5
7 0.49
XOOOX_X_X
5 0.5
7 0.539
____O_X_X
0 0.400159
1 0.51
2 0.48395
3 0.516687
5 0.5
7 0.55
OX__O_X_X
2 0.5
3 0.55
5 0.49
7 0.49
XO__O_X_X
2 0.5
3 0.45
5 0.5
7 0.5
O_X_O_X_X
1 0.5
3 0.441
5 0.5
7 0.5
_OX_O_X_X
0 0.45
3 0.49
5 0.5
7 0.45
X_O_O_X_X
1 0.5
3 0.441
5 0.5
7 0.456571
_XO_O_X_X
0 0.3645
3 0.470596
5 0.5
7 0.49
O__XO_X_X
1 0.5
2 0.99
5 0.5
7 1
_O_XO_X_X
0 0.55
2 0.4455
5 0.4455
7 0.45
OOXXO_X_X
5 0.5
7 0.5
__OXO_X_X
0 0.5
1 0.45
5 0.5
7 0.405
OXOXO_X_X
5 0.5
7 0.5
XOOXO_X_X
5 0.5
7 1
X__OO_X_X
1 0.5
2 1.1
5 0.35721
7 0.49
_X_OO_X_X
0 0.43218
2 0.405
5 0.5
7 0.5
__XOO_X_X
0 0.45
1 0.5
5 0.5
7 1
OXXOO_X_X
5 0.5
7 1
XOXOO_X_X
5 0.5
7 0.6655
XXOOO_X_X
5 0.405
7 0.5
OO___XX_X
2 0.45
3 0.5
4 1
7 0.59895
O_O__XX_X
1 0.5
3 1
4 0.5
7 0.5
_OO__XX_X
0 0.5
3 0.5
4 0.5
7 0.5
OOOX_XX_X
4 0.45
7 0.5
O__O_XX_X
1 0.5
2 0.5445
4 0.3969
7 0.441
_O_O_XX_X
0 0.405
2 0.5
4 0.5
7 0.5
OOXO_XX_X
4 0.3645
7 0.5
__OO_XX_X
0 0.49
1 0.3969
4 0.405
7 0.45
OXOO_XX_X
4 0.5
7 0.3645
XOOO_XX_X
4 0.5
7 0.5
OOO_XXX_X
3 1
7 0.32805
OO_OXXX_X
2 0.5
7 0.5
O_OOXXX_X
1 0.5
7 1
_OOOXXX_X
0 1
7 0.5
O___OXX_X
1 0.5
2 0.4455
3 0.49
7 1
_O__OXX_X
0 0.45
2 0.5
3 0.5
7 0.5
OOX_OXX_X
3 0.5
7 0.5
__O_OXX_X
0 0.539
1 0.473514
3 0.5
7 0.441
OXO_OXX_X
3 0.5
7 0.405
XOO_OXX_X
3 1
7 0.5
OO_XOXX_X
2 0.5
7 0.5
O_OXOXX_X
1 0.5
7 1
_OOXOXX_X
0 1
7 0.239148
___OOXX_X
0 0.3645
1 0.441
2 0.45
7 0.5
OX_OOXX_X
2 0.45
7 0.5
XO_OOXX_X
2 0.5
7 0.5
O_XOOXX_X
1 0.5
7 0.5
_OXOOXX_X
0 0.5
7 0.5
X_OOOXX_X
1 0.5
7 0.32805
_XOOOXX_X
0 0.45
7 0.517497
_____OX_X
0 0.5
1 0.45
2 0.470596
3 0.545609
4 0.5
7 0.5
OX___OX_X
2 0.5
3 0.5
4 0.49
7 0.392931
XO___OX_X
2 0.55
3 0.5
4 0.5
7 0.5
O_X__OX_X
1 0.495
3 0.5
4 0.5
7 0.55
_OX__OX_X
0 0.360855
3 0.5
4 0.5
7 0.3969
X_O__OX_X
1 0.410915
3 0.5
4 0.5
7 0.49
_XO__OX_X
0 0.5
3 0.5
4 0.5
7 0.5
O__X_OX_X
1 0.45
2 0.45
4 0.5
7 0.539
_O_X_OX_X
0 0.43659
2 0.5
4 0.3645
7 0.5
OOXX_OX_X
4 0.45
7 0.5
__OX_OX_X
0 0.5
1 0.405
4 0.405
7 0.5
OXOX_OX_X
4 0.5
7 0.5
XOOX_OX_X
4 0.5
7 0.5
X__O_OX_X
1 1
2 0.5
4 0.5
7 0.5
_X_O_OX_X
0 0.9
2 0.45
4 0.4802
7 0.5
__XO_OX_X
0 0.9
1 0.5
4 1
7 0.5
OXXO_OX_X
4 0.5
7 0.5
XOXO_OX_X
4 0.5
7 0.3969
XXOO_OX_X
4 0.5
7 0.5
O___XOX_X
1 0.5
2 0.45
3 0.405
7 0.360329
_O__XOX_X
0 0.441
2 0.49
3 0.405
7 0.3645
OOX_XOX_X
3 0.5
7 0.5
__O_XOX_X
0 0.5
1 0.20884
3 0.5
7 0.32805
OXO_XOX_X
3 0.5
7 0.5
XOO_XOX_X
3 1
7 0.45
OO_XXOX_X
2 0.5
7 0.5
O_OXXOX_X
1 0.5
7 0.9
_OOXXOX_X
0 1
7 0.405
___OXOX_X
0 0.170851
1 0.45
2 0.405
7 0.5
OX_OXOX_X
2 0.5
7 0.5
XO_OXOX_X
2 0.5
7 0.5
O_XOXOX_X
1 0.5
7 0.295245
_OXOXOX_X
0 0.5
7 0.5
X_OOXOX_X
1 0.5
7 0.495
_XOOXOX_X
0 0.295245
7 0.5
X___OOX_X
1 0.5
2 0.5
3 0.5
7 1
_X__OOX_X
0 0.49
2 0.5
3 0.5
7 1
__X_OOX_X
0 0.5
1 0.81
3 0.5
7 1
OXX_OOX_X
3 0.5
7 0.5
XOX_OOX_X
3 0.5
7 1
XXO_OOX_X
3 0.5
7 0.5
___XOOX_X
0 0.3645
1 0.5
2 0.5
7 0.5
OX_XOOX_X
2 0.5
7 0.5
XO_XOOX_X
2 0.5
7 0.5
O_XXOOX_X
1 0.5
7 0.26572
_OXXOOX_X
0 0.5
7 0.5
X_OXOOX_X
1 0.5
7 0.5
_XOXOOX_X
0 0.405
7 0.5
XX_OOOX_X
2 0.5
7 0.5
X_XOOOX_X
1 0.5
7 0.5
_XXOOOX_X
0 0.5
7 0.476366
X_____O_X
1 0.5
2 0.454971
3 0.45
4 0.50796
5 0.561
7 0.48804
_X____O_X
0 0.496008
2 0.51
3 0.478279
4 0.52827
5 0.4996
7 0.5
__X___O_X
0 0.321489
1 0.5
3 0.5
4 0.43659
5 0.5
7 0.5
OXX___O_X
3 0.5
4 0.5
5 0.5
7 1
XOX___O_X
3 0.5
4 0.405
5 0.5
7 0.3969
XXO___O_X
3 0.5
4 0.486088
5 0.5
7 0.5
___X__O_X
0 0.48804
1 0.49
2 0.558532
4 0.470596
5 0.528094
7 0.484144
OX_X__O_X
2 0.5
4 0.5
5 0.49
7 0.5
XO_X__O_X
2 0.5
4 0.5
5 0.45
7 0.5
O_XX__O_X
1 0.5
4 0.5
5 0.5
7 0.4851
_OXX__O_X
0 0.9
4 0.49
5 0.5
7 0.49
X_OX__O_X
1 0.5
4 0.49
5 0.5
7 0.49
_XOX__O_X
0 0.53361
4 0.405
5 0.5
7 0.5
XX_O__O_X
2 0.5
4 0.5
5 0.5
7 0.45
X_XO__O_X
1 0.5
4 0.3969
5 0.5
7 0.5
_XXO__O_X
0 1
4 0.41324
5 0.5
7 0.5
____X_O_X
0 0.505726
1 0.326183
2 0.478279
3 0.262853
5 0.5
7 0.395312
OX__X_O_X
2 0.5
3 0.5
5 0.49
7 1
XO__X_O_X
2 0.5
3 0.5
5 0.5
7 0.35721
O_X_X_O_X
1 0.5
3 0.324769
5 0.5
7 0.9
_OX_X_O_X
0 0.4851
3 0.5
5 0.5
7 0.5
X_O_X_O_X
1 0.5
3 0.405
5 0.5
7 0.470596
_XO_X_O_X
0 0.43218
3 0.49
5 0.5
7 0.405
O__XX_O_X
1 0.5
2 0.318274
5 0.4851
7 0.441
_O_XX_O_X
0 0.45
2 0.5
5 0.5
7 0.5
OOXXX_O_X
5 0.5
7 0.321489
__OXX_O_X
0 0.5
1 0.495
5 0.5
7 0.3645
OXOXX_O_X
5 0.5
7 0.5
XOOXX_O_X
5 0.5
7 0.5
X__OX_O_X
1 0.5
2 0.3969
5 0.5
7 0.39694
_X_OX_O_X
0 1
2 0.5
5 0.49005
7 0.539
__XOX_O_X
0 1
1 0.5
5 0.5
7 0.5
OXXOX_O_X
5 0.5
7 0.5
XOXOX_O_X
5 0.5
7 0.5
XXOOX_O_X
5 0.5
7 0.5
XX__O_O_X
2 0.5
3 0.4802
5 0.5
7 0.45
X_X_O_O_X
1 0.5
3 0.539
5 0.5
7 0.441
_XX_O_O_X
0 0.45
3 0.5
5 0.5
7 0.55
X__XO_O_X
1 0.5
2 0.5
5 1
7 0.4802
_X_XO_O_X
0 0.5
2 0.441
5 0.5
7 0.43218
__XXO_O_X
0 0.5
1 0.49
5 0.5
7 1
OXXXO_O_X
5 0.5
7 0.5
XOXXO_O_X
5 0.5
7 0.5
XXOXO_O_X
5 0.5
7 0.5
XXXOO_O_X
5 0.5
7 0.379506
_____XO_X
0 0.502679
1 0.45
2 0.55
3 0.459339
4 0.604758
7 0.5
OX___XO_X
2 0.5
3 0.5
4 0.539
7 0.43218
XO___XO_X
2 0.5
3 0.5
4 0.5
7 0.405
O_X__XO_X
1 0.5
3 0.5
4 0.5
7 0.5
_OX__XO_X
0 1
3 0.5
4 0.5
7 0.405
X_O__XO_X
1 0.5
3 0.49
4 0.5
7 0.415065
_XO__XO_X
0 0.487214
3 0.5
4 0.5
7 0.5445
O__X_XO_X
1 0.5
2 0.45
4 0.6655
7 0.405
_O_X_XO_X
0 0.3645
2 0.45
4 0.45
7 0.5
OOXX_XO_X
4 1
7 0.32805
__OX_XO_X
0 0.55
1 0.5
4 1
7 0.405
OXOX_XO_X
4 0.5
7 0.5
XOOX_XO_X
4 0.4802
7 0.5
X__O_XO_X
1 0.717409
2 0.5
4 0.45
7 0.441
_X_O_XO_X
0 1
2 0.5
4 0.5
7 0.5
__XO_XO_X
0 0.5
1 0.405
4 0.5
7 0.5
OXXO_XO_X
4 1
7 0.5
XOXO_XO_X
4 0.5
7 0.5445
XXOO_XO_X
4 0.5
7 0.5
O___XXO_X
1 0.5
2 0.45
3 0.5
7 0.478297
_O__XXO_X
0 0.658845
2 0.283553
3 0.405
7 0.388962
OOX_XXO_X
3 0.5
7 0.405
__O_XXO_X
0 0.954871
1 1
3 0.5
7 0.495
OXO_XXO_X
3 0.5
7 0.5
XOO_XXO_X
3 0.5
7 0.5
OO_XXXO_X
2 0.5
7 0.5
O_OXXXO_X
1 0.5
7 0.43659
_OOXXXO_X
0 0.5
7 0.5
___OXXO_X
0 1
1 0.4455
2 0.55
7 0.5
OX_OXXO_X
2 0.5
7 0.5
XO_OXXO_X
2 0.5
7 0.5
O_XOXXO_X
1 0.5
7 0.45
_OXOXXO_X
0 0.5
7 0.5
X_OOXXO_X
1 0.5
7 0.5
_XOOXXO_X
0 1
7 0.5
X___OXO_X
1 0.5
2 0.55
3 1
7 0.405
_X__OXO_X
0 0.5
2 0.5
3 0.5
7 0.55
__X_OXO_X
0 0.5
1 0.5
3 0.5
7 0.5
OXX_OXO_X
3 0.5
7 0.5
XOX_OXO_X
3 0.5
7 0.475398
XXO_OXO_X
3 0.5
7 0.405
___XOXO_X
0 0.98
1 0.539
2 1
7 1
OX_XOXO_X
2 0.5
7 0.5
XO_XOXO_X
2 0.5
7 0.5
O_XXOXO_X
1 0.5
7 0.5
_OXXOXO_X
0 0.5
7 0.405
X_OXOXO_X
1 0.5
7 0.5
_XOXOXO_X
0 1
7 0.5
XX_OOXO_X
2 0.5
7 0.5
X_XOOXO_X
1 0.5
7 0.45
_XXOOXO_X
0 0.5
7 0.5
XX___OO_X
2 0.4802
3 0.5
4 0.45
7 0.405
X_X__OO_X
1 0.5
3 0.5
4 0.5
7 0.45
_XX__OO_X
0 0.5
3 0.5
4 0.5
7 0.43218
X__X_OO_X
1 0.5
2 0.470596
4 0.4851
7 0.49
_X_X_OO_X
0 0.5
2 0.5
4 0.5
7 0.49
__XX_OO_X
0 0.5
1 0.441
4 0.5
7 0.405
OXXX_OO_X
4 1
7 0.5
XOXX_OO_X
4 0.5
7 0.5
XXOX_OO_X
4 0.5
7 0.5
XXXO_OO_X
4 0.5
7 0.5
X___XOO_X
1 0.5
2 0.5
3 0.5
7 0.405
_X__XOO_X
0 0.43218
2 0.5
3 0.3969
7 0.240191
__X_XOO_X
0 0.55
1 1
3 0.5
7 0.52822
OXX_XOO_X
3 0.5
7 0.5
XOX_XOO_X
3 0.5
7 0.350066
XXO_XOO_X
3 0.5
7 0.5
___XXOO_X
0 0.255198
1 0.350066
2 0.388962
7 0.5
OX_XXOO_X
2 0.5
7 0.156905
XO_XXOO_X
2 0.5
7 0.5
O_XXXOO_X
1 0.5
7 0.32805
_OXXXOO_X
0 0.5
7 0.5
X_OXXOO_X
1 0.5
7 0.5
_XOXXOO_X
0 0.405
7 0.405
XX_OXOO_X
2 0.5
7 0.5
X_XOXOO_X
1 0.5
7 0.5
_XXOXOO_X
0 1
7 0.295245
XXX_OOO_X
3 0.5
7 0.5
XX_XOOO_X
2 0.5
7 0.5
X_XXOOO_X
1 0.5
7 0.5
_XXXOOO_X
0 0.534533
7 0.5
O______XX
1 0.461074
2 0.459614
3 0.55
4 0.49
5 0.437304
6 0.45
_O_____XX
0 0.298626
2 0.470596
3 0.52822
4 0.476366
5 0.48804
6 0.411751
OOX____XX
3 0.556521
4 0.5
5 0.5
6 0.5
__O____XX
0 0.498
1 0.351591
3 0.405
4 0.479433
5 0.4996
6 0.442843
OXO____XX
3 0.49
4 0.45
5 0.5
6 0.45
XOO____XX
3 0.5
4 0.441
5 0.65219
6 0.45
OO_X___XX
2 0.5
4 0.5
5 0.98
6 0.5
O_OX___XX
1 0.45
4 1
5 0.6655
6 0.5
_OOX___XX
0 1.36673
4 0.5
5 0.5
6 0.5
___O___XX
0 0.539
1 0.423536
2 1.0404
4 0.5
5 0.55
6 0.498
OX_O___XX
2 0.350066
4 0.405
5 0.461184
6 0.5
XO_O___XX
2 0.5
4 0.5445
5 1
6 0.5
O_XO___XX
1 0.5
4 0.5
5 0.49
6 0.5
_OXO___XX
0 0.73205
4 0.405
5 0.517656
6 0.5
X_OO___XX
1 0.32805
4 0.45
5 0.55
6 0.5
_XOO___XX
0 0.5
4 0.49
5 0.605
6 0.5
OO__X__XX
2 0.5
3 0.4851
5 1
6 0.441
O_O_X__XX
1 0.5
3 1
5 0.405
6 0.495
_OO_X__XX
0 1
3 0.5
5 0.5
6 0.5
OOOXX__XX
5 0.5
6 0.45
O__OX__XX
1 1
2 0.26572
5 0.495
6 0.5
_O_OX__XX
0 0.318274
2 0.5
5 0.32805
6 0.3645
OOXOX__XX
5 0.5
6 0.295245
__OOX__XX
0 0.6655
1 0.3645
5 0.5
6 0.5
OXOOX__XX
5 0.5
6 0.5
XOOOX__XX
5 0.5
6 0.5
____O__XX
0 0.530604
1 0.49
2 0.5049
3 0.411448
5 0.5
6 0.5
OX__O__XX
2 0.5
3 0.5
5 0.601559
6 0.55
XO__O__XX
2 0.5
3 0.5
5 0.5
6 0.49
O_X_O__XX
1 0.5
3 0.45
5 0.5
6 0.55
_OX_O__XX
0 0.45
3 0.605
5 1
6 0.5
X_O_O__XX
1 0.5
3 0.5
5 0.5
6 0.45
_XO_O__XX
0 0.49
3 0.5
5 0.5
6 0.5
O__XO__XX
1 0.45
2 0.45
5 0.45
6 0.5
_O_XO__XX
0 1
2 0.5
5 0.55
6 0.3645
OOXXO__XX
5 1
6 0.405
__OXO__XX
0 0.5
1 0.5
5 0.5
6 0.405
OXOXO__XX
5 0.5
6 0.5
XOOXO__XX
5 0.5
6 0.5
X__OO__XX
1 0.5
2 0.98
5 0.5
6 0.5
_X_OO__XX
0 1
2 1
5 0.6655
6 0.5
__XOO__XX
0 1.1
1 1
5 0.45
6 1
OXXOO__XX
5 0.5
6 0.5
XOXOO__XX
5 0.45
6 0.5
XXOOO__XX
5 0.4802
6 0.5
OO___X_XX
2 0.5
3 0.5
4 1
6 0.55
O_O__X_XX
1 0.59895
3 0.5
4 0.5
6 0.5
_OO__X_XX
0 1
3 0.5
4 0.5
6 0.43218
OOOX_X_XX
4 0.3969
6 0.5
O__O_X_XX
1 0.45
2 0.405
4 0.49
6 0.5
_O_O_X_XX
0 0.45
2 0.5
4 0.581042
6 0.5
OOXO_X_XX
4 0.3645
6 0.5
__OO_X_XX
0 0.321489
1 0.45
4 0.26572
6 0.5
OXOO_X_XX
4 1
6 0.5
XOOO_X_XX
4 1
6 0.5
OOO_XX_XX
3 1
6 0.5
OO_OXX_XX
2 0.5
6 0.5
O_OOXX_XX
1 0.55
6 1
_OOOXX_XX
0 1
6 0.5
O___OX_XX
1 0.5
2 0.4455
3 0.49
6 0.381182
_O__OX_XX
0 0.5
2 0.5
3 0.5
6 0.45
OOX_OX_XX
3 1
6 0.5
__O_OX_XX
0 0.353638
1 0.295245
3 1
6 0.5
OXO_OX_XX
3 1
6 0.32805
XOO_OX_XX
3 1
6 0.5
OO_XOX_XX
2 0.5
6 0.5
O_OXOX_XX
1 0.49
6 1
_OOXOX_XX
0 1
6 0.5
___OOX_XX
0 0.26572
1 0.5
2 0.405
6 0.5
OX_OOX_XX
2 0.26572
6 0.5
XO_OOX_XX
2 1
6 0.5
O_XOOX_XX
1 1
6 0.5
_OXOOX_XX
0 0.5
6 0.5
X_OOOX_XX
1 0.5
6 0.405
_XOOOX_XX
0 0.492869
6 0.5
_____O_XX
0 0.496008
1 0.393731
2 0.441
3 0.5
4 0.55
6 0.5
OX___O_XX
2 0.405
3 0.5
4 0.423536
6 0.5
XO___O_XX
2 0.441
3 0.5
4 0.423536
6 0.295245
O_X__O_XX
1 0.45
3 0.441
4 0.5
6 0.5
_OX__O_XX
0 0.605
3 0.5
4 0.5
6 0.3969
X_O__O_XX
1 0.45
3 0.4802
4 0.5
6 0.49
_XO__O_XX
0 0.5
3 0.5
4 0.5
6 0.5
O__X_O_XX
1 0.5
2 0.5
4 0.49
6 0.5
_O_X_O_XX
0 0.398629
2 0.5
4 0.260406
6 0.5
OOXX_O_XX
4 0.255198
6 0.5
__OX_O_XX
0 0.260406
1 0.5
4 0.295245
6 0.5
OXOX_O_XX
4 0.563727
6 0.5
XOOX_O_XX
4 0.5
6 0.5
X__O_O_XX
1 1
2 0.49
4 0.55
6 0.5
_X_O_O_XX
0 1
2 0.5
4 0.605
6 0.5
__XO_O_XX
0 1
1 0.5
4 0.9
6 0.5
OXXO_O_XX
4 1
6 0.5
XOXO_O_XX
4 0.5
6 0.5
XXOO_O_XX
4 0.5
6 0.5
O___XO_XX
1 0.5
2 0.605
3 0.360855
6 0.495
_O__XO_XX
0 0.39694
2 0.3645
3 0.5
6 0.43218
OOX_XO_XX
3 0.5
6 0.5
__O_XO_XX
0 0.45
1 0.4455
3 0.5
6 0.3645
OXO_XO_XX
3 0.45
6 0.5
XOO_XO_XX
3 1
6 0.5
OO_XXO_XX
2 0.5
6 0.5
O_OXXO_XX
1 0.45
6 1
_OOXXO_XX
0 1
6 0.5
___OXO_XX
0 1
1 0.45
2 0.45
6 0.5
OX_OXO_XX
2 0.239148
6 0.5
XO_OXO_XX
2 0.5
6 0.5
O_XOXO_XX
1 0.5
6 0.26572
_OXOXO_XX
0 0.3645
6 0.5
X_OOXO_XX
1 0.55
6 0.5
_XOOXO_XX
0 0.5
6 0.5
X___OO_XX
1 0.5
2 0.49
3 0.6655
6 1
_X__OO_XX
0 0.441
2 0.5
3 0.55
6 1
__X_OO_XX
0 1.1
1 1
3 0.5
6 0.5
OXX_OO_XX
3 0.5
6 1
XOX_OO_XX
3 0.5
6 1
XXO_OO_XX
3 0.5
6 0.5
___XOO_XX
0 0.321489
1 0.5
2 0.5
6 0.5
OX_XOO_XX
2 0.45
6 0.5
XO_XOO_XX
2 1
6 0.5
O_XXOO_XX
1 0.5
6 0.3645
_OXXOO_XX
0 0.5
6 0.5
X_OXOO_XX
1 0.5
6 0.405
_XOXOO_XX
0 0.45
6 0.5
XX_OOO_XX
2 0.5
6 0.5
X_XOOO_XX
1 0.5
6 0.5
_XXOOO_XX
0 0.5
6 0.5
OO____XXX
2 0.5
3 0.5
4 0.5
5 0.5
O_O___XXX
1 0.5
3 0.5
4 0.5
5 0.5
_OO___XXX
0 0.5
3 0.5
4 0.5
5 0.5
OOOX__XXX
4 0.5
5 0.5
O__O__XXX
1 0.5
2 0.5
4 0.5
5 0.5
_O_O__XXX
0 0.5
2 0.5
4 0.5
5 0.5
OOXO__XXX
4 0.5
5 0.5
__OO__XXX
0 0.5
1 0.5
4 0.5
5 0.5
OXOO__XXX
4 0.5
5 0.5
XOOO__XXX
4 0.5
5 0.5
OOO_X_XXX
3 0.5
5 0.5
OO_OX_XXX
2 0.5
5 0.5
O_OOX_XXX
1 0.5
5 0.5
_OOOX_XXX
0 0.5
5 0.5
O___O_XXX
1 0.5
2 0.5
3 0.5
5 0.5
_O__O_XXX
0 0.5
2 0.5
3 0.5
5 0.5
OOX_O_XXX
3 0.5
5 0.5
__O_O_XXX
0 0.5
1 0.5
3 0.5
5 0.5
OXO_O_XXX
3 0.5
5 0.5
XOO_O_XXX
3 0.5
5 0.5
OO_XO_XXX
2 0.5
5 0.5
O_OXO_XXX
1 0.5
5 0.5
_OOXO_XXX
0 0.5
5 0.5
___OO_XXX
0 0.5
1 0.5
2 0.5
5 0.5
OX_OO_XXX
2 0.5
5 0.5
XO_OO_XXX
2 0.5
5 0.5
O_XOO_XXX
1 0.5
5 0.5
_OXOO_XXX
0 0.5
5 0.5
X_OOO_XXX
1 0.5
5 0.5
_XOOO_XXX
0 0.5
5 0.5
OOO__XXXX
3 0.5
4 0.5
OO_O_XXXX
2 0.5
4 0.5
O_OO_XXXX
1 0.5
4 0.5
_OOO_XXXX
0 0.5
4 0.5
OOOOXXXXX
OO__OXXXX
2 0.5
3 0.5
O_O_OXXXX
1 0.5
3 0.5
_OO_OXXXX
0 0.5
3 0.5
OOOXOXXXX
O__OOXXXX
1 0.5
2 0.5
_O_OOXXXX
0 0.5
2 0.5
OOXOOXXXX
__OOOXXXX
0 0.5
1 0.5
OXOOOXXXX
XOOOOXXXX
O____OXXX
1 0.5
2 0.5
3 0.5
4 0.5
_O___OXXX
0 0.5
2 0.5
3 0.5
4 0.5
OOX__OXXX
3 0.5
4 0.5
__O__OXXX
0 0.5
1 0.5
3 0.5
4 0.5
OXO__OXXX
3 0.5
4 0.5
XOO__OXXX
3 0.5
4 0.5
OO_X_OXXX
2 0.5
4 0.5
O_OX_OXXX
1 0.5
4 0.5
_OOX_OXXX
0 0.5
4 0.5
___O_OXXX
0 0.5
1 0.5
2 0.5
4 0.5
OX_O_OXXX
2 0.5
4 0.5
XO_O_OXXX
2 0.5
4 0.5
O_XO_OXXX
1 0.5
4 0.5
_OXO_OXXX
0 0.5
4 0.5
X_OO_OXXX
1 0.5
4 0.5
_XOO_OXXX
0 0.5
4 0.5
OO__XOXXX
2 0.5
3 0.5
O_O_XOXXX
1 0.5
3 0.5
_OO_XOXXX
0 0.5
3 0.5
OOOXXOXXX
O__OXOXXX
1 0.5
2 0.5
_O_OXOXXX
0 0.5
2 0.5
OOXOXOXXX
__OOXOXXX
0 0.5
1 0.5
OXOOXOXXX
XOOOXOXXX
____OOXXX
0 0.5
1 0.5
2 0.5
3 0.5
OX__OOXXX
2 0.5
3 0.5
XO__OOXXX
2 0.5
3 0.5
O_X_OOXXX
1 0.5
3 0.5
_OX_OOXXX
0 0.5
3 0.5
X_O_OOXXX
1 0.5
3 0.5
_XO_OOXXX
0 0.5
3 0.5
O__XOOXXX
1 0.5
2 0.5
_O_XOOXXX
0 0.5
2 0.5
OOXXOOXXX
__OXOOXXX
0 0.5
1 0.5
OXOXOOXXX
XOOXOOXXX
X__OOOXXX
1 0.5
2 0.5
_X_OOOXXX
0 0.5
2 0.5
__XOOOXXX
0 0.5
1 0.5
OXXOOOXXX
XOXOOOXXX
XXOOOOXXX
______OXX
0 0.54978
1 0.527232
2 0.5
3 0.49
4 0.51
5 0.5
OX____OXX
2 0.4802
3 0.5
4 0.495
5 1
XO____OXX
2 0.5
3 0.5
4 0.456572
5 0.343064
O_X___OXX
1 0.5
3 0.441
4 0.5
5 1
_OX___OXX
0 0.9
3 0.45
4 0.5
5 0.441
X_O___OXX
1 1
3 0.4802
4 0.5
5 0.5
_XO___OXX
0 0.4802
3 0.5
4 0.5
5 0.539
O__X__OXX
1 0.5
2 0.49
4 0.5
5 0.5
_O_X__OXX
0 0.55
2 0.5
4 0.40095
5 0.5
OOXX__OXX
4 1
5 0.5
__OX__OXX
0 0.52822
1 0.250094
4 1
5 0.32805
OXOX__OXX
4 0.5
5 0.5
XOOX__OXX
4 0.581042
5 0.388962
X__O__OXX
1 0.5
2 0.49
4 0.5929
5 0.5
_X_O__OXX
0 0.9
2 0.605
4 0.5
5 0.5
__XO__OXX
0 1
1 0.295245
4 0.5
5 0.5
OXXO__OXX
4 1
5 0.45
XOXO__OXX
4 0.5
5 0.5
XXOO__OXX
4 0.5
5 0.4455
O___X_OXX
1 0.5
2 0.346565
3 0.55
5 1
_O__X_OXX
0 0.73205
2 1
3 0.45
5 0.55
OOX_X_OXX
3 0.5
5 0.45
__O_X_OXX
0 0.485149
1 0.539055
3 0.5
5 0.26572
OXO_X_OXX
3 0.5
5 0.5
XOO_X_OXX
3 1
5 0.45
OO_XX_OXX
2 0.5
5 0.45
O_OXX_OXX
1 0.5
5 1
_OOXX_OXX
0 1
5 0.405
___OX_OXX
0 1
1 0.49
2 0.55
5 0.5
OX_OX_OXX
2 0.5
5 0.5
XO_OX_OXX
2 0.5
5 0.45
O_XOX_OXX
1 0.5
5 0.5
_OXOX_OXX
0 1
5 0.5
X_OOX_OXX
1 0.5
5 0.5
_XOOX_OXX
0 0.5
5 0.5
X___O_OXX
1 0.5
2 0.805255
3 0.5
5 0.6655
_X__O_OXX
0 0.5
2 0.5
3 1
5 0.605
__X_O_OXX
0 0.5
1 0.5
3 0.5
5 0.605
OXX_O_OXX
3 0.5
5 0.405
XOX_O_OXX
3 0.5
5 0.5
XXO_O_OXX
3 0.5
5 0.5
___XO_OXX
0 1
1 0.55
2 1
5 0.5
OX_XO_OXX
2 1
5 0.5
XO_XO_OXX
2 0.5
5 0.5
O_XXO_OXX
1 0.5
5 0.45
_OXXO_OXX
0 0.45
5 0.5
X_OXO_OXX
1 0.5
5 1
_XOXO_OXX
0 1
5 1
XX_OO_OXX
2 0.5
5 1
X_XOO_OXX
1 0.5
5 0.5
_XXOO_OXX
0 0.941192
5 0.5
O____XOXX
1 0.438538
2 0.5445
3 0.73205
4 1
_O___XOXX
0 0.55
2 0.5
3 0.470596
4 0.441
OOX__XOXX
3 0.5
4 0.5
__O__XOXX
0 1
1 1
3 1
4 0.55
OXO__XOXX
3 0.45
4 0.19371
XOO__XOXX
3 1
4 0.5
OO_X_XOXX
2 1
4 0.5
O_OX_XOXX
1 0.5
4 1
_OOX_XOXX
0 1.17394
4 0.5
___O_XOXX
0 0.729
1 0.5
2 0.78915
4 0.5
OX_O_XOXX
2 0.19371
4 0.5
XO_O_XOXX
2 0.5
4 0.5
O_XO_XOXX
1 1
4 0.5
_OXO_XOXX
0 0.5
4 0.5
X_OO_XOXX
1 0.5
4 0.295245
_XOO_XOXX
0 1
4 1
OO__XXOXX
2 0.5
3 1
O_O_XXOXX
1 0.5
3 0.9
_OO_XXOXX
0 1
3 0.5
OOOXXXOXX
O__OXXOXX
1 0.32805
2 0.5
_O_OXXOXX
0 1
2 0.5
OOXOXXOXX
__OOXXOXX
0 1
1 0.405
OXOOXXOXX
XOOOXXOXX
____OXOXX
0 1
1 1
2 0.5
3 0.405
OX__OXOXX
2 0.5
3 0.127093
XO__OXOXX
2 0.5
3 0.5
O_X_OXOXX
1 0.5
3 0.5
_OX_OXOXX
0 0.5
3 0.5
X_O_OXOXX
1 0.5
3 0.5
_XO_OXOXX
0 1
3 0.5
O__XOXOXX
1 1
2 0.114384
_O_XOXOXX
0 0.26572
2 0.5
OOXXOXOXX
__OXOXOXX
0 1
1 0.5
OXOXOXOXX
XOOXOXOXX
X__OOXOXX
1 1
2 0.141214
_X_OOXOXX
0 1
2 0.5
__XOOXOXX
0 0.6655
1 0.5
OXXOOXOXX
XOXOOXOXX
XXOOOXOXX
X____OOXX
1 0.6655
2 0.5
3 0.55
4 0.35721
_X___OOXX
0 0.539
2 0.5
3 0.4802
4 0.605
__X__OOXX
0 0.5
1 1
3 0.5
4 0.5
OXX__OOXX
3 1
4 0.405
XOX__OOXX
3 0.5
4 0.5
XXO__OOXX
3 0.5
4 0.5
___X_OOXX
0 0.26572
1 0.49
2 0.470596
4 0.5
OX_X_OOXX
2 0.26572
4 0.5
XO_X_OOXX
2 0.5
4 0.5
O_XX_OOXX
1 1
4 0.5
_OXX_OOXX
0 1
4 0.5
X_OX_OOXX
1 1
4 0.3645
_XOX_OOXX
0 0.729
4 0.5
XX_O_OOXX
2 1
4 0.5
X_XO_OOXX
1 0.5
4 0.3645
_XXO_OOXX
0 0.5
4 0.5
____XOOXX
0 0.442921
1 0.3645
2 0.461184
3 0.396941
OX__XOOXX
2 0.5
3 0.5
XO__XOOXX
2 0.5
3 1
O_X_XOOXX
1 0.5
3 0.3645
_OX_XOOXX
0 0.5
3 0.5
X_O_XOOXX
1 0.5
3 0.5
_XO_XOOXX
0 0.239148
3 0.5
O__XXOOXX
1 0.239148
2 0.5
_O_XXOOXX
0 0.5
2 0.5
OOXXXOOXX
__OXXOOXX
0 0.239148
1 0.19371
OXOXXOOXX
XOOXXOOXX
X__OXOOXX
1 0.5
2 0.5
_X_OXOOXX
0 0.5
2 0.5
__XOXOOXX
0 1
1 0.81
OXXOXOOXX
XOXOXOOXX
XXOOXOOXX
XX__OOOXX
2 0.5
3 1
X_X_OOOXX
1 0.5
3 1
_XX_OOOXX
0 1
3 0.5
X__XOOOXX
1 1
2 0.5
_X_XOOOXX
0 0.5
2 0.5
__XXOOOXX
0 0.497801
1 0.5
OXXXOOOXX
XOXXOOOXX
XXOXOOOXX
XXXOOOOXX
X______OX
1 0.478279
2 0.475398
3 0.37512
4 0.441
5 0.604758
6 0.348527
_X_____OX
0 0.470408
2 0.5
3 0.499681
4 0.494024
5 0.485894
6 0.498
__X____OX
0 0.405137
1 0.651929
3 0.5
4 0.430451
5 0.539
6 0.498
OXX____OX
3 1
4 0.6201
5 0.55
6 0.5
XOX____OX
3 0.49
4 0.470596
5 0.55
6 0.5
XXO____OX
3 0.505321
4 0.5
5 0.5
6 0.5
___X___OX
0 0.50796
1 0.489804
2 0.480008
4 0.5
5 0.4996
6 0.487845
OX_X___OX
2 1
4 0.49
5 0.495
6 0.5
XO_X___OX
2 0.5
4 0.5
5 0.45
6 0.5
O_XX___OX
1 1
4 0.441
5 0.45
6 0.5
_OXX___OX
0 0.495
4 0.441
5 0.343065
6 0.5
X_OX___OX
1 0.5
4 0.43218
5 0.487213
6 0.5
_XOX___OX
0 0.581042
4 0.55
5 0.5
6 0.5
XX_O___OX
2 0.5
4 0.5
5 0.45
6 0.5
X_XO___OX
1 0.405
4 0.35721
5 0.441
6 0.5
_XXO___OX
0 0.278506
4 0.5
5 0.5
6 0.5
____X__OX
0 0.453487
1 0.273398
2 0.348902
3 0.305068
5 0.5
6 0.468713
OX__X__OX
2 0.5
3 0.5
5 0.5
6 0.581042
XO__X__OX
2 0.5
3 0.45
5 0.45
6 0.5
O_X_X__OX
1 0.5
3 0.32805
5 0.441
6 0.45
_OX_X__OX
0 0.405
3 0.5
5 0.5
6 0.5
X_O_X__OX
1 0.5
3 0.3969
5 0.416874
6 0.5
_XO_X__OX
0 0.49
3 0.5
5 0.49
6 0.49
O__XX__OX
1 0.3645
2 0.3645
5 0.315059
6 0.5
_O_XX__OX
0 0.441
2 0.5
5 0.5
6 0.5
OOXXX__OX
5 0.405
6 0.441
__OXX__OX
0 0.495
1 0.45
5 0.5
6 0.5
OXOXX__OX
5 0.5
6 0.5
XOOXX__OX
5 0.5
6 0.5
X__OX__OX
1 0.5
2 0.5
5 0.45
6 0.5
_X_OX__OX
0 1.0146
2 0.295245
5 0.311909
6 0.5
__XOX__OX
0 0.32805
1 0.32805
5 0.5
6 0.295245
OXXOX__OX
5 0.5
6 0.5
XOXOX__OX
5 0.5
6 0.5
XXOOX__OX
5 0.5
6 0.405
XX__O__OX
2 0.5
3 0.5
5 0.55
6 0.5
X_X_O__OX
1 0.5
3 0.5
5 0.45
6 0.4455
_XX_O__OX
0 0.5
3 0.434063
5 0.55
6 0.55
X__XO__OX
1 0.5
2 1
5 0.797203
6 0.5
_X_XO__OX
0 0.3645
2 0.5
5 0.381182
6 0.5
__XXO__OX
0 0.9
1 1
5 0.5
6 0.5
OXXXO__OX
5 0.5
6 0.45
XOXXO__OX
5 0.5
6 0.5
XXOXO__OX
5 0.5
6 0.5
XXXOO__OX
5 0.391843
6 0.5
_____X_OX
0 0.349925
1 0.448021
2 0.50796
3 0.440824
4 0.405
6 0.5
OX___X_OX
2 0.5
3 0.5
4 0.423536
6 0.49
XO___X_OX
2 0.5
3 0.5
4 0.405
6 0.5
O_X__X_OX
1 0.5
3 0.5
4 0.5
6 0.5
_OX__X_OX
0 0.55
3 0.5
4 0.65219
6 0.5
X_O__X_OX
1 0.55
3 0.5
4 0.5
6 0.45
_XO__X_OX
0 0.4851
3 0.5
4 0.405
6 0.4802
O__X_X_OX
1 1
2 0.495
4 0.3969
6 0.5
_O_X_X_OX
0 0.49005
2 0.5
4 0.5
6 0.5
OOXX_X_OX
4 0.47074
6 0.5
__OX_X_OX
0 0.9
1 0.45
4 0.5
6 0.5
OXOX_X_OX
4 0.5
6 0.5
XOOX_X_OX
4 0.5
6 0.5
X__O_X_OX
1 0.441
2 0.5
4 0.321489
6 0.5
_X_O_X_OX
0 0.45
2 0.5
4 0.49
6 0.5
__XO_X_OX
0 0.405
1 0.5
4 0.5
6 0.5
OXXO_X_OX
4 0.5
6 0.5
XOXO_X_OX
4 0.45
6 0.5
XXOO_X_OX
4 0.5
6 0.5
O___XX_OX
1 0.5
2 0.4851
3 0.360855
6 0.49
_O__XX_OX
0 0.19371
2 0.5
3 0.528274
6 0.321489
OOX_XX_OX
3 0.156905
6 0.5
__O_XX_OX
0 0.4455
1 0.389002
3 0.5
6 0.308758
OXO_XX_OX
3 0.5
6 0.5
XOO_XX_OX
3 0.5
6 0.5
OO_XXX_OX
2 0.5
6 0.5
O_OXXX_OX
1 0.239148
6 0.5
_OOXXX_OX
0 1
6 0.5
___OXX_OX
0 0.5
1 0.49
2 0.49
6 0.5
OX_OXX_OX
2 0.5
6 0.5
XO_OXX_OX
2 0.5
6 0.5
O_XOXX_OX
1 0.26572
6 0.5
_OXOXX_OX
0 0.5
6 0.5
X_OOXX_OX
1 0.5
6 0.5
_XOOXX_OX
0 0.5
6 0.5
X___OX_OX
1 0.5
2 1
3 0.3645
6 0.5
_X__OX_OX
0 0.45
2 0.5
3 0.5
6 0.5
__X_OX_OX
0 1
1 0.5
3 0.5
6 0.5
OXX_OX_OX
3 0.5
6 0.5
XOX_OX_OX
3 0.55
6 0.5
XXO_OX_OX
3 0.405
6 0.5
___XOX_OX
0 0.5
1 0.5
2 0.55
6 0.5
OX_XOX_OX
2 0.5
6 0.5
XO_XOX_OX
2 1
6 0.5
O_XXOX_OX
1 1
6 0.5
_OXXOX_OX
0 0.45
6 0.5
X_OXOX_OX
1 0.5
6 1
_XOXOX_OX
0 0.5
6 0.5
XX_OOX_OX
2 0.5
6 0.5
X_XOOX_OX
1 0.405
6 0.5
_XXOOX_OX
0 0.5
6 0.5
XX___O_OX
2 0.5
3 0.5
4 0.49
6 0.441
X_X__O_OX
1 0.45
3 0.45
4 0.45
6 0.49
_XX__O_OX
0 0.3645
3 0.5
4 0.5
6 0.5
X__X_O_OX
1 0.49
2 0.40095
4 0.3969
6 0.5
_X_X_O_OX
0 0.52822
2 0.5
4 0.5
6 0.5
__XX_O_OX
0 0.729
1 0.539
4 0.3645
6 0.5
OXXX_O_OX
4 0.405
6 0.5
XOXX_O_OX
4 0.5
6 0.5
XXOX_O_OX
4 0.5
6 0.5
XXXO_O_OX
4 0.5
6 0.5
X___XO_OX
1 0.5
2 0.5
3 0.441
6 0.5
_X__XO_OX
0 0.49
2 0.5
3 0.239148
6 0.4802
__X_XO_OX
0 0.45
1 0.156905
3 0.5
6 0.32805
OXX_XO_OX
3 0.5
6 0.5
XOX_XO_OX
3 0.45
6 0.5
XXO_XO_OX
3 0.5
6 0.5
___XXO_OX
0 0.49
1 0.4802
2 0.3969
6 0.5
OX_XXO_OX
2 0.3645
6 0.5
XO_XXO_OX
2 0.5
6 0.5
O_XXXO_OX
1 0.295245
6 0.45
_OXXXO_OX
0 0.32805
6 0.5
X_OXXO_OX
1 0.5
6 0.5
_XOXXO_OX
0 0.26572
6 0.5
XX_OXO_OX
2 0.5
6 0.5
X_XOXO_OX
1 0.295245
6 0.5
_XXOXO_OX
0 0.19371
6 0.5
XXX_OO_OX
3 0.3645
6 0.5
XX_XOO_OX
2 0.5
6 0.5
X_XXOO_OX
1 0.5
6 1
_XXXOO_OX
0 0.5
6 0.5
______XOX
0 0.505726
1 0.6171
2 0.4802
3 0.48804
4 0.55
5 0.498
OX____XOX
2 1
3 0.441
4 0.5
5 0.4802
XO____XOX
2 0.5
3 0.45
4 0.45
5 0.4802
O_X___XOX
1 1
3 0.46589
4 0.5
5 0.441
_OX___XOX
0 0.441
3 0.3645
4 0.5
5 0.45
X_O___XOX
1 0.4802
3 0.53361
4 0.5
5 0.45
_XO___XOX
0 0.5
3 0.5
4 0.5
5 0.5
O__X__XOX
1 1
2 0.581042
4 0.5
5 0.5
_O_X__XOX
0 0.55
2 0.5
4 1
5 0.3645
OOXX__XOX
4 0.495
5 0.5
__OX__XOX
0 0.5
1 0.55
4 0.5
5 0.5
OXOX__XOX
4 0.5
5 0.5
XOOX__XOX
4 0.605
5 0.405
X__O__XOX
1 0.4802
2 0.4802
4 0.5
5 0.5
_X_O__XOX
0 0.9604
2 0.5
4 0.5
5 0.5
__XO__XOX
0 1
1 0.3645
4 0.5
5 0.32805
OXXO__XOX
4 0.5
5 0.5
XOXO__XOX
4 0.5
5 0.5
XXOO__XOX
4 0.5
5 0.441
O___X_XOX
1 0.5
2 0.394148
3 0.5
5 0.5
_O__X_XOX
0 0.49
2 0.5
3 0.45
5 0.415065
OOX_X_XOX
3 0.5
5 0.4802
__O_X_XOX
0 0.5
1 0.5
3 0.5
5 0.49
OXO_X_XOX
3 0.5
5 0.26572
XOO_X_XOX
3 1
5 0.5
OO_XX_XOX
2 0.5
5 0.5
O_OXX_XOX
1 0.5
5 1
_OOXX_XOX
0 1
5 0.49
___OX_XOX
0 0.45
1 0.373559
2 0.405
5 0.32805
OX_OX_XOX
2 0.5
5 0.5
XO_OX_XOX
2 0.5
5 0.5
O_XOX_XOX
1 0.5
5 0.5
_OXOX_XOX
0 0.5
5 0.215233
X_OOX_XOX
1 0.5
5 0.5
_XOOX_XOX
0 0.5
5 0.5
X___O_XOX
1 0.5
2 1
3 0.405
5 0.5
_X__O_XOX
0 0.5
2 0.5
3 0.49
5 0.5
__X_O_XOX
0 0.45
1 0.295245
3 0.5
5 0.5
OXX_O_XOX
3 0.5
5 0.405
XOX_O_XOX
3 0.5
5 0.5
XXO_O_XOX
3 0.5
5 0.5
___XO_XOX
0 0.605
1 0.5
2 0.495
5 0.5
OX_XO_XOX
2 0.5
5 0.5
XO_XO_XOX
2 0.5
5 0.5
O_XXO_XOX
1 0.5
5 1
_OXXO_XOX
0 0.5
5 0.19371
X_OXO_XOX
1 0.5
5 1
_XOXO_XOX
0 0.5
5 0.5
XX_OO_XOX
2 0.5
5 1
X_XOO_XOX
1 0.5
5 1
_XXOO_XOX
0 0.59895
5 0.5
O____XXOX
1 1
2 0.605
3 0.5
4 0.5
_O___XXOX
0 0.605
2 0.5
3 0.5
4 0.5
OOX__XXOX
3 0.5
4 0.5
__O__XXOX
0 1
1 0.5
3 0.5
4 0.5
OXO__XXOX
3 1
4 0.141214
XOO__XXOX
3 1
4 0.5
OO_X_XXOX
2 1
4 0.5
O_OX_XXOX
1 0.5
4 1
_OOX_XXOX
0 1.1
4 0.5
___O_XXOX
0 0.45
1 0.5
2 0.189835
4 0.5
OX_O_XXOX
2 0.3645
4 0.5
XO_O_XXOX
2 0.5
4 0.5
O_XO_XXOX
1 0.5
4 0.5
_OXO_XXOX
0 0.5
4 0.5
X_OO_XXOX
1 0.5
4 0.45
_XOO_XXOX
0 1
4 0.32805
OO__XXXOX
2 0.5
3 0.5
O_O_XXXOX
1 0.5
3 1
_OO_XXXOX
0 1
3 0.5
OOOXXXXOX
O__OXXXOX
1 0.114384
2 0.45
_O_OXXXOX
0 0.32805
2 0.5
OOXOXXXOX
__OOXXXOX
0 0.5
1 0.45
OXOOXXXOX
XOOOXXXOX
____OXXOX
0 0.5
1 1
2 0.5
3 0.5
OX__OXXOX
2 0.5
3 0.5
XO__OXXOX
2 0.5
3 0.5
O_X_OXXOX
1 0.5
3 0.5
_OX_OXXOX
0 0.5
3 0.5
X_O_OXXOX
1 0.5
3 1
_XO_OXXOX
0 0.5
3 0.5
O__XOXXOX
1 0.5
2 1
_O_XOXXOX
0 0.5
2 0.5
OOXXOXXOX
__OXOXXOX
0 0.5
1 1
OXOXOXXOX
XOOXOXXOX
X__OOXXOX
1 0.5
2 1
_X_OOXXOX
0 0.3645
2 0.5
__XOOXXOX
0 0.45
1 0.5
OXXOOXXOX
XOXOOXXOX
XXOOOXXOX
X____OXOX
1 0.5
2 0.45
3 0.45
4 0.49
_X___OXOX
0 0.605
2 0.5
3 0.5
4 0.605
__X__OXOX
0 1
1 0.5
3 0.5
4 0.55
OXX__OXOX
3 0.405
4 0.32805
XOX__OXOX
3 0.5
4 0.45
XXO__OXOX
3 0.3645
4 0.5
___X_OXOX
0 0.5
1 0.5
2 0.49
4 0.5
OX_X_OXOX
2 0.5
4 0.5
XO_X_OXOX
2 1
4 0.5
O_XX_OXOX
1 0.5
4 0.5
_OXX_OXOX
0 0.215233
4 0.5
X_OX_OXOX
1 1
4 0.5
_XOX_OXOX
0 0.3645
4 0.5
XX_O_OXOX
2 1
4 0.5
X_XO_OXOX
1 0.5
4 0.3645
_XXO_OXOX
0 0.45
4 0.5
____XOXOX
0 0.49
1 0.210928
2 0.3969
3 0.32805
OX__XOXOX
2 0.5
3 0.5
XO__XOXOX
2 0.5
3 0.5
O_X_XOXOX
1 0.5
3 0.5
_OX_XOXOX
0 0.5
3 0.5
X_O_XOXOX
1 0.5
3 0.239148
_XO_XOXOX
0 0.5
3 0.5
O__XXOXOX
1 0.0833863
2 0.45
_O_XXOXOX
0 0.174339
2 0.5
OOXXXOXOX
__OXXOXOX
0 0.5
1 0.295245
OXOXXOXOX
XOOXXOXOX
X__OXOXOX
1 0.26572
2 0.5
_X_OXOXOX
0 0.5
2 0.5
__XOXOXOX
0 0.5
1 1
OXXOXOXOX
XOXOXOXOX
XXOOXOXOX
XX__OOXOX
2 0.5
3 1
X_X_OOXOX
1 0.5
3 1
_XX_OOXOX
0 0.5
3 0.5
X__XOOXOX
1 0.5
2 0.5
_X_XOOXOX
0 0.5
2 0.5
__XXOOXOX
0 0.5
1 0.441
OXXXOOXOX
XOXXOOXOX
XXOXOOXOX
XXXOOOXOX
XX____OOX
2 0.360855
3 0.49
4 0.5
5 0.405
X_X___OOX
1 0.5
3 0.3969
4 0.5
5 0.5
_XX___OOX
0 0.632754
3 0.49
4 0.5
5 0.5
X__X__OOX
1 0.52822
2 0.52822
4 0.45
5 0.5
_X_X__OOX
0 0.49
2 0.5
4 0.52822
5 0.5
__XX__OOX
0 1
1 0.405
4 0.3645
5 0.5
OXXX__OOX
4 1
5 0.3645
XOXX__OOX
4 0.5
5 0.5
XXOX__OOX
4 0.5
5 0.5
XXXO__OOX
4 0.5
5 0.5
X___X_OOX
1 0.5
2 0.321489
3 0.5
5 0.5
_X__X_OOX
0 0.539
2 0.3645
3 0.43218
5 0.43218
__X_X_OOX
0 0.441
1 0.6561
3 0.5
5 0.45
OXX_X_OOX
3 0.5
5 0.5
XOX_X_OOX
3 0.5
5 0.5
XXO_X_OOX
3 0.26572
5 0.5
___XX_OOX
0 0.388962
1 0.32805
2 0.45
5 0.5
OX_XX_OOX
2 0.498
5 0.5
XO_XX_OOX
2 0.405
5 0.49
O_XXX_OOX
1 0.5
5 0.295245
_OXXX_OOX
0 0.32805
5 0.5
X_OXX_OOX
1 0.5
5 0.5
_XOXX_OOX
0 0.321489
5 0.3645
XX_OX_OOX
2 0.5
5 0.5
X_XOX_OOX
1 0.5
5 0.174339
_XXOX_OOX
0 1
5 0.5
XXX_O_OOX
3 0.5
5 0.5
XX_XO_OOX
2 0.5
5 0.32805
X_XXO_OOX
1 1
5 1
_XXXO_OOX
0 0.329362
5 0.3645
X____XOOX
1 0.295245
2 0.32805
3 0.3969
4 0.49
_X___XOOX
0 0.436241
2 0.5
3 0.558034
4 0.539
__X__XOOX
0 0.439281
1 0.5
3 0.5
4 0.5
OXX__XOOX
3 0.5
4 0.5
XOX__XOOX
3 0.5
4 0.5
XXO__XOOX
3 0.5
4 0.5
___X_XOOX
0 0.531441
1 1
2 0.43218
4 0.5
OX_X_XOOX
2 0.5
4 0.3645
XO_X_XOOX
2 0.539
4 0.5
O_XX_XOOX
1 0.3645
4 0.5
_OXX_XOOX
0 1
4 0.5
X_OX_XOOX
1 0.5
4 0.19371
_XOX_XOOX
0 0.3645
4 0.5
XX_O_XOOX
2 1
4 0.5
X_XO_XOOX
1 0.81
4 0.5
_XXO_XOOX
0 0.45
4 0.5
____XXOOX
0 0.396582
1 0.405
2 0.35721
3 0.4455
OX__XXOOX
2 0.5
3 0.405
XO__XXOOX
2 0.5
3 0.5
O_X_XXOOX
1 0.5
3 0.5
_OX_XXOOX
0 0.5
3 0.5
X_O_XXOOX
1 0.5
3 0.5
_XO_XXOOX
0 0.405
3 0.5
O__XXXOOX
1 0.5
2 0.114384
_O_XXXOOX
0 0.4996
2 0.5
OOXXXXOOX
__OXXXOOX
0 0.5
1 0.5
OXOXXXOOX
XOOXXXOOX
X__OXXOOX
1 0.5
2 0.5
_X_OXXOOX
0 1
2 0.5
__XOXXOOX
0 0.295245
1 0.5
OXXOXXOOX
XOXOXXOOX
XXOOXXOOX
XX__OXOOX
2 0.5
3 0.5
X_X_OXOOX
1 0.5
3 0.32805
_XX_OXOOX
0 0.5
3 0.5
X__XOXOOX
1 0.5
2 1
_X_XOXOOX
0 0.729
2 0.5
__XXOXOOX
0 1
1 0.5
OXXXOXOOX
XOXXOXOOX
XXOXOXOOX
XXXOOXOOX
XXX__OOOX
3 0.5
4 0.5
XX_X_OOOX
2 0.5
4 0.5
X_XX_OOOX
1 0.45
4 0.5
_XXX_OOOX
0 0.45
4 0.5
XX__XOOOX
2 0.3645
3 0.5
X_X_XOOOX
1 0.405
3 0.5
_XX_XOOOX
0 0.5
3 0.5
X__XXOOOX
1 0.5
2 0.239148
_X_XXOOOX
0 0.5
2 0.5
__XXXOOOX
0 0.26572
1 0.3645
OXXXXOOOX
XOXXXOOOX
XXOXXOOOX
XXXOXOOOX
XXXXOOOOX
XX______O
2 0.5
3 0.470596
4 0.554295
5 0.605
6 0.45
7 0.49
X_X_____O
1 0.5
3 0.516047
4 0.5
5 0.446228
6 0.403219
7 0.484223
_XX_____O
0 0.558756
3 0.5
4 0.5
5 0.459
6 0.381182
7 0.4482
X__X____O
1 0.51
2 0.470596
4 0.545391
5 0.5
6 0.4998
7 0.505928
_X_X____O
0 0.509796
2 0.5
4 0.525897
5 0.5
6 0.524263
7 0.505928
__XX____O
0 0.498
1 0.497801
4 0.5
5 0.5
6 0.558308
7 0.493827
OXXX____O
4 0.5
5 0.5
6 0.5
7 0.5
XOXX____O
4 0.5
5 0.5
6 0.5
7 0.5
XXOX____O
4 0.5
5 0.49
6 0.5
7 0.495
XXXO____O
4 0.495
5 1
6 0.605
7 0.5
X___X___O
1 0.5
2 0.497801
3 0.717122
5 0.423435
6 0.5
7 0.52822
_X__X___O
0 0.359712
2 0.5
3 0.352224
5 0.477897
6 0.5
7 0.343697
__X_X___O
0 0.481629
1 0.503904
3 0.5
5 0.379658
6 0.5
7 0.478088
OXX_X___O
3 0.5
5 0.5
6 0.5
7 0.495
XOX_X___O
3 0.5
5 0.5
6 0.5
7 0.5
XXO_X___O
3 0.5
5 0.49
6 0.605
7 0.575231
___XX___O
0 0.36383
1 0.37497
2 0.592595
5 0.405
6 0.5
7 0.739663
OX_XX___O
2 0.5
5 1
6 0.55
7 0.5
XO_XX___O
2 0.5
5 0.5
6 0.441
7 0.5
O_XXX___O
1 0.5
5 0.4455
6 0.43218
7 0.35721
_OXXX___O
0 0.5
5 0.470596
6 0.605
7 0.45
X_OXX___O
1 0.5
5 0.427858
6 0.441
7 0.3645
_XOXX___O
0 0.392931
5 1
6 0.4851
7 0.45
XX_OX___O
2 0.5
5 1
6 0.360855
7 0.470644
X_XOX___O
1 0.5
5 0.4455
6 0.5
7 0.5
_XXOX___O
0 0.45
5 0.3645
6 0.405
7 0.5
XXX_O___O
3 0.5
5 0.405
6 0.55
7 0.45
XX_XO___O
2 0.5
5 0.5
6 0.5
7 0.5
X_XXO___O
1 0.5
5 0.381183
6 0.5
7 0.5
_XXXO___O
0 1
5 0.45
6 0.605
7 0.5
X____X__O
1 0.5
2 0.5
3 0.498
4 0.605
6 0.503703
7 0.5
_X___X__O
0 0.547581
2 0.5
3 0.5
4 0.4802
6 0.614632
7 0.5
__X__X__O
0 0.556299
1 0.48804
3 0.5
4 0.495809
6 0.57222
7 0.5
OXX__X__O
3 0.5
4 0.5
6 0.405
7 0.495
XOX__X__O
3 0.5
4 0.5
6 0.5
7 0.5
XXO__X__O
3 0.5
4 0.5
6 0.5
7 0.5
___X_X__O
0 1.1
1 0.51
2 0.51
4 0.605
6 0.55
7 0.5
OX_X_X__O
2 0.5
4 0.5
6 0.5
7 0.5
XO_X_X__O
2 0.5
4 0.5
6 0.45
7 0.5
O_XX_X__O
1 0.5
4 0.5
6 0.5
7 0.5
_OXX_X__O
0 0.5
4 0.5
6 0.5
7 0.45
X_OX_X__O
1 0.55
4 0.5
6 0.45
7 0.5
_XOX_X__O
0 0.539
4 0.5
6 0.55
7 0.43218
XX_O_X__O
2 0.605
4 0.5
6 0.49
7 0.35721
X_XO_X__O
1 0.5
4 0.5
6 0.5
7 0.45
_XXO_X__O
0 0.5
4 0.5
6 0.5
7 0.423536
____XX__O
0 0.446559
1 0.430451
2 0.427928
3 0.384443
6 0.5
7 0.5
OX__XX__O
2 0.45
3 0.5
6 0.40095
7 0.55
XO__XX__O
2 0.5
3 0.5
6 0.35721
7 0.49
O_X_XX__O
1 0.5
3 0.49
6 0.5
7 0.441
_OX_XX__O
0 0.5
3 0.5
6 0.52822
7 0.35721
X_O_XX__O
1 0.49
3 0.45
6 0.5
7 0.45
_XO_XX__O
0 0.49
3 0.5
6 0.441
7 0.49
O__XXX__O
1 0.5
2 0.5
6 0.45
7 0.415065
_O_XXX__O
0 0.5
2 0.5
6 0.5
7 0.5
OOXXXX__O
6 0.5
7 0.5
__OXXX__O
0 0.5
1 0.5
6 0.5
7 0.5
OXOXXX__O
6 0.5
7 0.5
XOOXXX__O
6 1
7 0.45
X__OXX__O
1 0.5
2 0.5
6 0.49
7 0.5
_X_OXX__O
0 0.441
2 0.5
6 0.517656
7 0.4802
__XOXX__O
0 0.495
1 0.5
6 1
7 0.605
OXXOXX__O
6 0.5
7 0.5
XOXOXX__O
6 0.5
7 0.5
XXOOXX__O
6 0.55
7 0.3969
XX__OX__O
2 0.5
3 0.405
6 0.239148
7 0.49
X_X_OX__O
1 0.5
3 0.5
6 0.55
7 0.423536
_XX_OX__O
0 0.5
3 0.5
6 0.5
7 0.55
X__XOX__O
1 0.5
2 0.55
6 0.5
7 0.45
_X_XOX__O
0 1
2 0.5
6 0.605
7 0.5
__XXOX__O
0 1
1 0.5
6 0.5
7 0.4802
OXXXOX__O
6 0.5
7 0.5
XOXXOX__O
6 0.5
7 0.5
XXOXOX__O
6 0.5
7 0.605
XXXOOX__O
6 0.5
7 0.5
XXX__O__O
3 1
4 0.5
6 0.5
7 0.5
XX_X_O__O
2 0.26572
4 0.239148
6 0.5
7 0.5
X_XX_O__O
1 0.5
4 0.5
6 0.49
7 0.45
_XXX_O__O
0 0.45
4 0.5
6 0.5
7 0.45
XX__XO__O
2 0.5
3 0.5
6 1
7 0.35721
X_X_XO__O
1 0.5
3 0.4802
6 0.495
7 0.475447
_XX_XO__O
0 0.461184
3 0.5
6 0.5
7 0.343065
X__XXO__O
1 0.55
2 0.45
6 0.99
7 0.392931
_X_XXO__O
0 0.43218
2 0.5
6 1
7 0.40095
__XXXO__O
0 0.441
1 0.49
6 0.645668
7 0.49
OXXXXO__O
6 1
7 1
XOXXXO__O
6 0.5
7 0.5
XXOXXO__O
6 0.581042
7 0.406764
XXXOXO__O
6 0.5
7 0.5
XXXXOO__O
6 0.5
7 0.32805
X_____X_O
1 1
2 0.198525
3 0.5
4 0.599747
5 0.49
7 0.5
_X____X_O
0 0.5478
2 0.5
3 0.560776
4 0.478279
5 0.761625
7 0.55
__X___X_O
0 0.49586
1 0.503904
3 0.5
4 0.4998
5 0.498
7 0.539051
OXX___X_O
3 0.5
4 0.5
5 0.5
7 1
XOX___X_O
3 0.502
4 0.5
5 0.5
7 0.5
XXO___X_O
3 0.6655
4 0.49
5 0.5
7 0.45
___X__X_O
0 0.530604
1 0.439061
2 0.423536
4 0.5
5 0.492429
7 0.59871
OX_X__X_O
2 0.49
4 0.5
5 0.49
7 0.45
XO_X__X_O
2 0.5
4 0.5
5 0.5
7 0.45
O_XX__X_O
1 0.5
4 0.5
5 0.5
7 0.5
_OXX__X_O
0 0.52822
4 0.49
5 0.5
7 0.5
X_OX__X_O
1 0.55
4 0.3645
5 0.5
7 0.5
_XOX__X_O
0 0.5
4 0.5
5 0.5
7 0.5
XX_O__X_O
2 0.5
4 0.5
5 0.55
7 0.55
X_XO__X_O
1 0.5
4 0.405
5 0.5
7 0.49
_XXO__X_O
0 0.4851
4 0.5
5 0.5
7 0.5
____X_X_O
0 0.486088
1 0.307031
2 0.571572
3 0.439236
5 0.5
7 0.3969
OX__X_X_O
2 0.5
3 0.5
5 0.5
7 0.3969
XO__X_X_O
2 0.5
3 0.5
5 0.441
7 0.5
O_X_X_X_O
1 0.5
3 0.45
5 0.5
7 0.441
_OX_X_X_O
0 0.5
3 0.5
5 0.5
7 0.5
X_O_X_X_O
1 0.5
3 0.5
5 0.5
7 0.5
_XO_X_X_O
0 0.5
3 1
5 0.5
7 0.4455
O__XX_X_O
1 0.5
2 0.4851
5 0.581042
7 0.5
_O_XX_X_O
0 0.405
2 0.522991
5 0.495
7 0.5
OOXXX_X_O
5 0.5
7 0.5
__OXX_X_O
0 0.59895
1 0.32805
5 0.5
7 0.5
OXOXX_X_O
5 0.5
7 0.5
XOOXX_X_O
5 0.5
7 1
X__OX_X_O
1 0.5
2 0.4802
5 0.605
7 0.5
_X_OX_X_O
0 0.3969
2 0.346565
5 0.45
7 0.423536
__XOX_X_O
0 0.5
1 0.5
5 0.5
7 0.441
OXXOX_X_O
5 0.5
7 0.45
XOXOX_X_O
5 0.5
7 0.5
XXOOX_X_O
5 0.5
7 0.5
XX__O_X_O
2 0.5
3 1
5 0.5
7 0.5
X_X_O_X_O
1 0.5
3 0.5
5 0.5
7 0.55
_XX_O_X_O
0 0.5
3 0.5
5 0.5
7 0.43218
X__XO_X_O
1 0.5
2 0.5
5 0.5
7 0.5
_X_XO_X_O
0 1
2 0.5
5 0.5
7 0.5
__XXO_X_O
0 0.5
1 0.4455
5 0.5
7 0.5
OXXXO_X_O
5 0.5
7 0.5
XOXXO_X_O
5 0.5
7 0.55
XXOXO_X_O
5 0.5
7 0.5
XXXOO_X_O
5 0.5
7 0.5
_____XX_O
0 1.08243
1 0.386811
2 0.50796
3 0.498
4 0.758578
7 0.5
OX___XX_O
2 0.5
3 0.5
4 1
7 0.4802
XO___XX_O
2 0.5
3 0.5
4 0.49
7 0.5
O_X__XX_O
1 0.4802
3 0.5
4 0.5
7 0.539
_OX__XX_O
0 1
3 0.5
4 0.5
7 0.441
X_O__XX_O
1 0.5
3 0.441
4 0.5
7 0.605
_XO__XX_O
0 0.495
3 0.5
4 0.5
7 0.5
O__X_XX_O
1 0.605
2 0.495
4 0.605
7 0.5
_O_X_XX_O
0 0.5
2 0.5
4 0.405
7 0.605
OOXX_XX_O
4 0.5
7 1
__OX_XX_O
0 0.495
1 0.5
4 1
7 0.5
OXOX_XX_O
4 0.5
7 0.5
XOOX_XX_O
4 0.5
7 0.405
X__O_XX_O
1 0.5
2 0.45
4 0.5
7 0.5
_X_O_XX_O
0 0.5
2 0.215233
4 0.5
7 0.49
__XO_XX_O
0 0.5
1 0.3645
4 0.5
7 0.5
OXXO_XX_O
4 0.6655
7 0.5
XOXO_XX_O
4 0.55
7 0.5
XXOO_XX_O
4 0.5
7 0.43218
O___XXX_O
1 0.4996
2 0.495
3 0.427858
7 0.388962
_O__XXX_O
0 0.4455
2 0.45
3 0.45
7 0.321489
OOX_XXX_O
3 0.5
7 0.5
__O_XXX_O
0 0.24019
1 0.318274
3 0.5
7 0.49
OXO_XXX_O
3 0.5
7 0.5
XOO_XXX_O
3 0.5
7 0.295245
OO_XXXX_O
2 0.5
7 0.49
O_OXXXX_O
1 0.5
7 0.5
_OOXXXX_O
0 0.49
7 0.295245
___OXXX_O
0 0.4802
1 0.45
2 0.4802
7 0.5
OX_OXXX_O
2 0.5
7 0.5
XO_OXXX_O
2 0.5
7 0.5
O_XOXXX_O
1 0.5
7 0.3969
_OXOXXX_O
0 0.5
7 0.5
X_OOXXX_O
1 0.5
7 0.3645
_XOOXXX_O
0 0.32805
7 0.5
X___OXX_O
1 0.5
2 0.5
3 0.405
7 0.5
_X__OXX_O
0 1
2 0.5
3 0.605
7 0.43218
__X_OXX_O
0 1
1 0.5
3 0.5
7 0.52822
OXX_OXX_O
3 0.5
7 0.5
XOX_OXX_O
3 0.5
7 0.5
XXO_OXX_O
3 0.5
7 0.5
___XOXX_O
0 1
1 1
2 0.5
7 0.45
OX_XOXX_O
2 0.5
7 0.5
XO_XOXX_O
2 0.5
7 0.5
O_XXOXX_O
1 0.5
7 0.5
_OXXOXX_O
0 1
7 0.5
X_OXOXX_O
1 0.5
7 0.5
_XOXOXX_O
0 1
7 0.5
XX_OOXX_O
2 0.5
7 0.5
X_XOOXX_O
1 0.5
7 0.5
_XXOOXX_O
0 0.5
7 0.5
XX___OX_O
2 0.5
3 0.45
4 1
7 0.45
X_X__OX_O
1 0.5
3 0.28934
4 0.5
7 0.495
_XX__OX_O
0 0.639146
3 0.5
4 0.5
7 0.45
X__X_OX_O
1 0.45
2 0.5
4 0.5
7 0.5
_X_X_OX_O
0 0.539
2 0.5
4 1
7 0.5
__XX_OX_O
0 0.539
1 0.45
4 0.5
7 0.5
OXXX_OX_O
4 0.5
7 0.5
XOXX_OX_O
4 0.55
7 0.5
XXOX_OX_O
4 0.5
7 0.441
XXXO_OX_O
4 0.5
7 0.5
X___XOX_O
1 1
2 0.3645
3 1
7 0.55
_X__XOX_O
0 0.405
2 0.45
3 1
7 0.26572
__X_XOX_O
0 0.5
1 0.5
3 0.5
7 0.52822
OXX_XOX_O
3 0.5
7 0.5
XOX_XOX_O
3 0.5
7 0.5
XXO_XOX_O
3 0.5
7 0.5
___XXOX_O
0 0.441
1 1
2 1
7 0.45
OX_XXOX_O
2 0.5
7 0.5
XO_XXOX_O
2 0.5
7 1
O_XXXOX_O
1 0.5
7 0.45
_OXXXOX_O
0 0.5
7 0.5
X_OXXOX_O
1 0.5
7 0.5
_XOXXOX_O
0 0.5
7 0.5
XX_OXOX_O
2 0.5
7 0.5
X_XOXOX_O
1 1
7 0.5
_XXOXOX_O
0 0.5
7 0.5
XXX_OOX_O
3 0.5
7 0.32805
XX_XOOX_O
2 0.5
7 0.5
X_XXOOX_O
1 0.5
7 0.5
_XXXOOX_O
0 1
7 0.5
XXX___O_O
3 0.5
4 0.5
5 0.5
7 0.295245
XX_X__O_O
2 0.5
4 1
5 0.55
7 0.5
X_XX__O_O
1 0.45
4 0.495
5 0.5
7 1
_XXX__O_O
0 0.539
4 0.45
5 0.5
7 1
XX__X_O_O
2 0.5
3 0.5
5 0.5
7 1
X_X_X_O_O
1 0.5
3 0.5
5 0.5
7 1
_XX_X_O_O
0 0.49
3 0.5
5 0.5
7 1
X__XX_O_O
1 0.5
2 0.45
5 0.49005
7 1
_X_XX_O_O
0 0.32805
2 0.55
5 0.4455
7 1
__XXX_O_O
0 0.441
1 0.3969
5 0.5
7 1
OXXXX_O_O
5 0.5
7 0.5
XOXXX_O_O
5 0.5
7 0.605
XXOXX_O_O
5 0.5
7 1
XXXOX_O_O
5 0.5
7 0.5
XXXXO_O_O
5 0.5
7 1
XX___XO_O
2 0.5
3 0.5
4 1
7 0.49
X_X__XO_O
1 0.55
3 1
4 0.5
7 1
_XX__XO_O
0 0.5
3 0.5
4 0.5
7 1
X__X_XO_O
1 0.6655
2 0.5
4 0.5
7 1
_X_X_XO_O
0 0.55
2 0.5
4 0.5929
7 0.5
__XX_XO_O
0 1.56922
1 0.5
4 0.5
7 1
OXXX_XO_O
4 0.5
7 1
XOXX_XO_O
4 0.73205
7 0.5
XXOX_XO_O
4 0.5
7 1
XXXO_XO_O
4 0.5
7 0.5
X___XXO_O
1 0.5
2 1
3 0.427858
7 0.55
_X__XXO_O
0 0.495
2 0.5
3 0.32805
7 0.45
__X_XXO_O
0 0.605
1 0.5
3 0.5
7 1.21
OXX_XXO_O
3 0.5
7 0.5
XOX_XXO_O
3 0.5
7 0.5
XXO_XXO_O
3 0.5
7 1
___XXXO_O
0 0.5
1 0.5
2 0.5
7 1
OX_XXXO_O
2 1
7 1
XO_XXXO_O
2 0.239148
7 0.5
O_XXXXO_O
1 0.5
7 0.5
_OXXXXO_O
0 0.5
7 0.5
X_OXXXO_O
1 0.5
7 0.5
_XOXXXO_O
0 0.5
7 0.5
XX_OXXO_O
2 0.5
7 0.5
X_XOXXO_O
1 0.45
7 0.5
_XXOXXO_O
0 1
7 0.45
XXX_OXO_O
3 0.5
7 1
XX_XOXO_O
2 0.5
7 1
X_XXOXO_O
1 1
7 1
_XXXOXO_O
0 0.5
7 0.5
XXXX_OO_O
4 0.5
7 0.5
XXX_XOO_O
3 0.5
7 1
XX_XXOO_O
2 0.5
7 1
X_XXXOO_O
1 1
7 0.5
_XXXXOO_O
0 0.32805
7 0.5
X______XO
1 0.5
2 0.484144
3 0.558756
4 0.49
5 0.482207
6 0.5478
_X_____XO
0 0.499651
2 0.5
3 0.5202
4 0.51
5 0.58133
6 0.495
__X____XO
0 0.505726
1 0.49
3 0.5
4 0.497682
5 0.805255
6 0.459155
OXX____XO
3 0.5
4 1
5 0.5
6 1
XOX____XO
3 0.5
4 0.5
5 0.5
6 0.5
XXO____XO
3 0.5
4 0.49
5 0.5
6 0.405
___X___XO
0 1.03624
1 0.468152
2 0.719783
4 0.5
5 0.746392
6 0.614632
OX_X___XO
2 0.605
4 1
5 0.405
6 0.5
XO_X___XO
2 0.5
4 0.5
5 0.45
6 0.5
O_XX___XO
1 0.441
4 0.49
5 0.5
6 0.5
_OXX___XO
0 0.441
4 0.49
5 0.55
6 0.5
X_OX___XO
1 0.5
4 0.502229
5 0.5
6 0.5
_XOX___XO
0 0.55
4 0.5
5 0.5
6 0.5
XX_O___XO
2 0.605
4 1
5 0.405
6 0.5
X_XO___XO
1 0.5
4 0.45
5 0.441
6 0.5
_XXO___XO
0 0.55
4 0.49
5 0.5
6 0.5
____X__XO
0 0.290301
1 0.47959
2 0.299486
3 0.352941
5 0.5
6 0.27728
OX__X__XO
2 0.5
3 0.5
5 0.45
6 0.5
XO__X__XO
2 0.5
3 0.5
5 0.539
6 0.4802
O_X_X__XO
1 0.5
3 0.842196
5 0.470596
6 0.441
_OX_X__XO
0 0.461184
3 0.35721
5 0.4802
6 0.43218
X_O_X__XO
1 0.5
3 0.441
5 0.5
6 0.4802
_XO_X__XO
0 0.5
3 0.5
5 0.470596
6 0.5
O__XX__XO
1 0.5
2 0.4193
5 0.4455
6 0.5
_O_XX__XO
0 0.388962
2 0.470644
5 0.43659
6 0.5
OOXXX__XO
5 0.5
6 0.45
__OXX__XO
0 0.350066
1 0.49005
5 0.5
6 0.5
OXOXX__XO
5 0.5
6 1
XOOXX__XO
5 0.5
6 1
X__OX__XO
1 0.5
2 1
5 0.360855
6 0.5
_X_OX__XO
0 0.3645
2 0.55
5 0.5
6 0.5
__XOX__XO
0 0.5
1 0.441
5 0.5
6 0.5
OXXOX__XO
5 0.5
6 0.49
XOXOX__XO
5 0.5
6 0.43218
XXOOX__XO
5 0.5
6 0.5
XX__O__XO
2 0.5
3 0.5
5 0.5
6 0.5
X_X_O__XO
1 0.5
3 0.4802
5 0.5
6 0.5
_XX_O__XO
0 1
3 0.49
5 0.5
6 0.5
X__XO__XO
1 0.5
2 0.441
5 0.55
6 0.5
_X_XO__XO
0 1
2 0.45
5 0.605
6 0.5
__XXO__XO
0 1
1 0.5929
5 0.55
6 0.5
OXXXO__XO
5 0.5
6 0.3645
XOXXO__XO
5 0.5
6 0.78915
XXOXO__XO
5 0.5
6 0.5
XXXOO__XO
5 0.5
6 0.45
_____X_XO
0 0.908457
1 0.536895
2 0.418473
3 0.498
4 0.51
6 0.5
OX___X_XO
2 1
3 0.5
4 1
6 0.5
XO___X_XO
2 0.5
3 0.5
4 0.5
6 0.5
O_X__X_XO
1 0.5
3 0.470596
4 0.5
6 0.605
_OX__X_XO
0 0.49
3 0.5
4 0.605
6 0.5
X_O__X_XO
1 0.5
3 0.49
4 0.5
6 0.470596
_XO__X_XO
0 0.49
3 0.5
4 0.605
6 0.5
O__X_X_XO
1 0.55
2 0.45
4 0.539
6 0.5
_O_X_X_XO
0 0.5
2 0.5
4 0.5
6 0.5
OOXX_X_XO
4 0.43218
6 0.5
__OX_X_XO
0 0.495
1 0.49
4 1
6 0.5
OXOX_X_XO
4 0.5
6 1
XOOX_X_XO
4 1
6 0.5
X__O_X_XO
1 0.32805
2 0.5
4 0.5
6 0.5
_X_O_X_XO
0 0.55
2 0.5
4 0.5
6 0.5
__XO_X_XO
0 0.558034
1 0.4802
4 0.5
6 0.5
OXXO_X_XO
4 0.52822
6 0.5
XOXO_X_XO
4 0.5
6 0.5
XXOO_X_XO
4 0.49
6 0.5
O___XX_XO
1 0.5
2 0.405
3 0.5
6 0.441
_O__XX_XO
0 0.295245
2 0.5
3 0.343135
6 0.5
OOX_XX_XO
3 0.5
6 0.5
__O_XX_XO
0 0.318274
1 0.3969
3 0.5
6 0.49
OXO_XX_XO
3 0.45
6 0.5
XOO_XX_XO
3 0.5
6 0.5
OO_XXX_XO
2 0.350066
6 0.5
O_OXXX_XO
1 0.5
6 0.5
_OOXXX_XO
0 0.215233
6 0.5
___OXX_XO
0 0.49
1 0.4802
2 0.441
6 0.5
OX_OXX_XO
2 0.5
6 0.5
XO_OXX_XO
2 0.5
6 0.5
O_XOXX_XO
1 0.5
6 0.239148
_OXOXX_XO
0 0.295245
6 0.5
X_OOXX_XO
1 0.5
6 0.5
_XOOXX_XO
0 1
6 0.5
X___OX_XO
1 0.264658
2 0.49
3 0.5
6 0.5
_X__OX_XO
0 1
2 0.5
3 0.605
6 0.49
__X_OX_XO
0 1
1 0.5
3 0.885781
6 0.5
OXX_OX_XO
3 0.5
6 0.5
XOX_OX_XO
3 0.5
6 0.5
XXO_OX_XO
3 0.5
6 0.5
___XOX_XO
0 1
1 0.55
2 0.55
6 0.5
OX_XOX_XO
2 0.5
6 0.5
XO_XOX_XO
2 0.5
6 0.5
O_XXOX_XO
1 0.3645
6 0.5
_OXXOX_XO
0 1
6 0.5
X_OXOX_XO
1 0.5
6 0.45
_XOXOX_XO
0 1
6 0.5
XX_OOX_XO
2 0.5
6 0.5
X_XOOX_XO
1 1
6 0.5
_XXOOX_XO
0 1
6 0.5
XX___O_XO
2 0.5
3 0.5
4 1
6 0.45
X_X__O_XO
1 0.5
3 0.470596
4 0.5
6 0.388962
_XX__O_XO
0 0.470596
3 0.5
4 0.45196
6 0.3645
X__X_O_XO
1 0.55
2 0.49
4 0.9
6 0.5
_X_X_O_XO
0 0.475398
2 0.5
4 1
6 0.5
__XX_O_XO
0 0.52822
1 0.4802
4 0.45
6 0.5
OXXX_O_XO
4 0.405
6 0.5
XOXX_O_XO
4 0.5
6 0.5
XXOX_O_XO
4 0.5
6 0.5
XXXO_O_XO
4 0.295245
6 0.5
X___XO_XO
1 0.5
2 0.5
3 1
6 0.410915
_X__XO_XO
0 0.5
2 0.5
3 0.55
6 0.5
__X_XO_XO
0 0.43218
1 0.441
3 0.5
6 0.45
OXX_XO_XO
3 0.5
6 0.5
XOX_XO_XO
3 0.5
6 0.5
XXO_XO_XO
3 0.336204
6 0.239148
___XXO_XO
0 0.581042
1 0.5
2 1
6 0.239148
OX_XXO_XO
2 0.5
6 0.5
XO_XXO_XO
2 0.5
6 0.45
O_XXXO_XO
1 1
6 0.239148
_OXXXO_XO
0 0.3645
6 0.5
X_OXXO_XO
1 0.5
6 0.5
_XOXXO_XO
0 0.32805
6 0.5
XX_OXO_XO
2 0.5
6 0.5
X_XOXO_XO
1 0.5
6 0.32805
_XXOXO_XO
0 0.5
6 0.5
XXX_OO_XO
3 0.5
6 0.5
XX_XOO_XO
2 0.239148
6 0.5
X_XXOO_XO
1 1
6 0.32805
_XXXOO_XO
0 1
6 0.5
______XXO
0 1.0404
1 0.545446
2 0.5
3 0.5
4 0.55
5 0.50796
OX____XXO
2 0.32805
3 0.5
4 1
5 1.1
XO____XXO
2 0.5
3 0.5
4 0.45
5 0.5
O_X___XXO
1 0.441
3 0.49
4 0.5
5 0.581042
_OX___XXO
0 0.4802
3 0.385073
4 0.5
5 0.5
X_O___XXO
1 0.5
3 0.5
4 0.5
5 0.55
_XO___XXO
0 0.558033
3 0.5
4 0.5
5 0.5
O__X__XXO
1 0.805255
2 0.98
4 0.6655
5 0.5
_O_X__XXO
0 1
2 0.605
4 0.55
5 0.5
OOXX__XXO
4 0.5
5 0.5
__OX__XXO
0 0.55
1 0.5445
4 1
5 0.45
OXOX__XXO
4 0.215233
5 0.5
XOOX__XXO
4 0.45
5 0.5
X__O__XXO
1 0.5
2 0.5
4 0.605
5 0.5
_X_O__XXO
0 0.605
2 0.5929
4 0.5
5 0.5
__XO__XXO
0 0.3969
1 0.4802
4 0.5
5 0.5
OXXO__XXO
4 0.5445
5 0.32805
XOXO__XXO
4 0.55
5 0.4851
XXOO__XXO
4 0.5
5 0.5
O___X_XXO
1 0.5
2 1
3 0.59895
5 0.5
_O__X_XXO
0 0.581042
2 0.32805
3 0.73205
5 0.405
OOX_X_XXO
3 0.5
5 0.5
__O_X_XXO
0 1.07179
1 0.605
3 0.5
5 0.405
OXO_X_XXO
3 0.5
5 0.5
XOO_X_XXO
3 0.5
5 1
OO_XX_XXO
2 0.5
5 0.5
O_OXX_XXO
1 1
5 1
_OOXX_XXO
0 1
5 0.32805
___OX_XXO
0 0.441
1 1
2 0.5
5 0.5
OX_OX_XXO
2 0.5
5 0.78915
XO_OX_XXO
2 0.5
5 0.315059
O_XOX_XXO
1 0.5
5 0.5
_OXOX_XXO
0 0.5
5 0.32805
X_OOX_XXO
1 0.49
5 0.5
_XOOX_XXO
0 0.5
5 0.5
X___O_XXO
1 0.5
2 0.45
3 0.49
5 0.5
_X__O_XXO
0 1
2 0.5
3 0.55
5 0.605
__X_O_XXO
0 1
1 0.73205
3 0.5
5 0.5
OXX_O_XXO
3 0.5
5 1
XOX_O_XXO
3 0.5
5 0.55
XXO_O_XXO
3 0.5
5 0.5
___XO_XXO
0 1
1 1
2 1
5 0.5
OX_XO_XXO
2 0.5
5 1
XO_XO_XXO
2 0.5
5 0.432224
O_XXO_XXO
1 0.5
5 0.5
_OXXO_XXO
0 1
5 0.5
X_OXO_XXO
1 0.5
5 0.5
_XOXO_XXO
0 1
5 0.45
XX_OO_XXO
2 0.5
5 0.5
X_XOO_XXO
1 0.5
5 1
_XXOO_XXO
0 1
5 1
O____XXXO
1 0.5
2 0.495
3 1
4 0.52822
_O___XXXO
0 1.73613
2 0.5
3 0.4802
4 0.5
OOX__XXXO
3 0.5
4 1
__O__XXXO
0 0.405
1 0.5
3 1
4 0.5
OXO__XXXO
3 0.5
4 0.45
XOO__XXXO
3 0.49
4 0.5
OO_X_XXXO
2 0.5
4 0.5
O_OX_XXXO
1 1
4 1
_OOX_XXXO
0 1
4 0.5
___O_XXXO
0 0.4455
1 0.5
2 0.4802
4 0.5
OX_O_XXXO
2 0.868065
4 0.5
XO_O_XXXO
2 0.5
4 0.5
O_XO_XXXO
1 0.5
4 0.26572
_OXO_XXXO
0 0.405
4 0.5
X_OO_XXXO
1 1
4 0.5
_XOO_XXXO
0 0.3645
4 0.5
OO__XXXXO
2 0.5
3 0.5
O_O_XXXXO
1 1
3 1
_OO_XXXXO
0 1
3 0.3645
OOOXXXXXO
O__OXXXXO
1 0.5
2 0.405
_O_OXXXXO
0 0.19371
2 0.5
OOXOXXXXO
__OOXXXXO
0 0.3645
1 0.5
OXOOXXXXO
XOOOXXXXO
____OXXXO
0 0.5
1 0.295245
2 1
3 0.5
OX__OXXXO
2 1
3 0.5
XO__OXXXO
2 0.5
3 0.5
O_X_OXXXO
1 0.32805
3 0.5
_OX_OXXXO
0 1
3 0.5
X_O_OXXXO
1 0.5
3 0.215233
_XO_OXXXO
0 1
3 0.5
O__XOXXXO
1 0.5
2 0.5
_O_XOXXXO
0 1
2 0.5
OOXXOXXXO
__OXOXXXO
0 1
1 0.5
OXOXOXXXO
XOOXOXXXO
X__OOXXXO
1 0.5
2 0.5
_X_OOXXXO
0 1
2 0.5
__XOOXXXO
0 1
1 0.5
OXXOOXXXO
XOXOOXXXO
XXOOOXXXO
X____OXXO
1 1
2 0.5
3 1
4 0.5
_X___OXXO
0 0.485149
2 0.5
3 1
4 0.5929
__X__OXXO
0 0.639211
1 0.5
3 0.5
4 0.45
OXX__OXXO
3 0.5
4 0.5
XOX__OXXO
3 0.55
4 0.5
XXO__OXXO
3 0.5
4 0.295245
___X_OXXO
0 0.49
1 0.5
2 1
4 0.5
OX_X_OXXO
2 1
4 0.5
XO_X_OXXO
2 0.55
4 0.5
O_XX_OXXO
1 0.5
4 0.174339
_OXX_OXXO
0 0.405
4 0.5
X_OX_OXXO
1 1
4 0.5
_XOX_OXXO
0 0.3645
4 0.5
XX_O_OXXO
2 0.5
4 0.5
X_XO_OXXO
1 1
4 0.3645
_XXO_OXXO
0 0.81
4 0.5
____XOXXO
0 0.9
1 0.49
2 1
3 0.5445
OX__XOXXO
2 0.32805
3 0.5
XO__XOXXO
2 0.5
3 0.5
O_X_XOXXO
1 1
3 0.295245
_OX_XOXXO
0 0.5
3 0.5
X_O_XOXXO
1 0.4996
3 0.5
_XO_XOXXO
0 0.5
3 0.5
O__XXOXXO
1 0.5
2 0.3645
_O_XXOXXO
0 0.729
2 0.5
OOXXXOXXO
__OXXOXXO
0 1
1 0.5
OXOXXOXXO
XOOXXOXXO
X__OXOXXO
1 0.5
2 0.19371
_X_OXOXXO
0 1
2 0.5
__XOXOXXO
0 0.5
1 0.5
OXXOXOXXO
XOXOXOXXO
XXOOXOXXO
XX__OOXXO
2 0.5
3 0.5
X_X_OOXXO
1 1
3 1
_XX_OOXXO
0 1
3 1
X__XOOXXO
1 0.5
2 1
_X_XOOXXO
0 1
2 0.5
__XXOOXXO
0 1
1 0.45
OXXXOOXXO
XOXXOOXXO
XXOXOOXXO
XXXOOOXXO
XX____OXO
2 0.5
3 0.5
4 1
5 0.32805
X_X___OXO
1 0.49
3 0.5
4 0.5
5 0.45
_XX___OXO
0 0.5
3 0.49
4 0.5
5 0.45
X__X__OXO
1 0.49
2 0.5
4 0.55
5 0.5
_X_X__OXO
0 0.5
2 0.5929
4 0.539
5 0.5
__XX__OXO
0 0.539
1 0.470596
4 0.5
5 0.5
OXXX__OXO
4 0.5
5 0.5
XOXX__OXO
4 0.49
5 0.5
XXOX__OXO
4 0.5
5 0.5
XXXO__OXO
4 0.5
5 0.5
X___X_OXO
1 0.5
2 0.461184
3 0.423536
5 0.423536
_X__X_OXO
0 0.5
2 0.575232
3 0.5
5 0.5
__X_X_OXO
0 0.441
1 0.5
3 0.5
5 0.45
OXX_X_OXO
3 1
5 0.45
XOX_X_OXO
3 0.5
5 0.45
XXO_X_OXO
3 0.5
5 0.5
___XX_OXO
0 0.35721
1 0.700132
2 0.520812
5 0.5
OX_XX_OXO
2 0.9
5 1
XO_XX_OXO
2 0.5
5 0.321489
O_XXX_OXO
1 0.141214
5 0.45
_OXXX_OXO
0 0.3645
5 0.5
X_OXX_OXO
1 0.5
5 0.0750477
_XOXX_OXO
0 0.5
5 0.5
XX_OX_OXO
2 0.5
5 1
X_XOX_OXO
1 0.5
5 0.5
_XXOX_OXO
0 0.5
5 0.5
XXX_O_OXO
3 0.5
5 0.405
XX_XO_OXO
2 0.5
5 0.5
X_XXO_OXO
1 1
5 0.5
_XXXO_OXO
0 1
5 0.45
X____XOXO
1 0.5
2 0.43218
3 1
4 0.4802
_X___XOXO
0 0.49
2 0.5
3 0.4851
4 0.3969
__X__XOXO
0 0.717409
1 0.5
3 0.5
4 0.52822
OXX__XOXO
3 0.45
4 0.5
XOX__XOXO
3 0.605
4 0.5
XXO__XOXO
3 0.5
4 0.5
___X_XOXO
0 1
1 0.45
2 0.59895
4 0.5
OX_X_XOXO
2 0.5
4 0.5
XO_X_XOXO
2 1.07179
4 0.5
O_XX_XOXO
1 0.405
4 0.32805
_OXX_XOXO
0 0.5
4 0.5
X_OX_XOXO
1 1
4 0.3645
_XOX_XOXO
0 0.32805
4 0.5
XX_O_XOXO
2 1
4 0.5
X_XO_XOXO
1 0.81
4 0.5
_XXO_XOXO
0 1
4 0.5
____XXOXO
0 0.392971
1 0.3645
2 0.45
3 0.324769
OX__XXOXO
2 0.5
3 0.3645
XO__XXOXO
2 1
3 0.5
O_X_XXOXO
1 0.239148
3 0.295245
_OX_XXOXO
0 0.45
3 1
X_O_XXOXO
1 0.5
3 0.32805
_XO_XXOXO
0 0.5
3 0.405
O__XXXOXO
1 0.5
2 0.5
_O_XXXOXO
0 0.5
2 0.5
OOXXXXOXO
__OXXXOXO
0 0.5
1 0.5
OXOXXXOXO
XOOXXXOXO
X__OXXOXO
1 0.5
2 0.5
_X_OXXOXO
0 0.26572
2 0.5
__XOXXOXO
0 1
1 0.5
OXXOXXOXO
XOXOXXOXO
XXOOXXOXO
XX__OXOXO
2 0.5
3 0.5
X_X_OXOXO
1 1
3 0.32805
_XX_OXOXO
0 1
3 0.45
X__XOXOXO
1 0.5
2 0.45
_X_XOXOXO
0 1
2 0.5
__XXOXOXO
0 1
1 0.5
OXXXOXOXO
XOXXOXOXO
XXOXOXOXO
XXXOOXOXO
XXX__OOXO
3 0.5
4 0.5
XX_X_OOXO
2 0.5
4 0.5
X_XX_OOXO
1 1
4 0.5
_XXX_OOXO
0 0.295245
4 0.5
XX__XOOXO
2 0.19371
3 0.5
X_X_XOOXO
1 0.3645
3 0.5
_XX_XOOXO
0 0.5
3 0.174339
X__XXOOXO
1 0.5
2 0.5
_X_XXOOXO
0 1
2 0.5
__XXXOOXO
0 0.3645
1 0.5
OXXXXOOXO
XOXXXOOXO
XXOXXOOXO
XXXOXOOXO
XXXXOOOXO
XXX____OO
3 0.5
4 0.5
5 0.5
6 0.3645
XX_X___OO
2 1
4 0.5
5 0.495
6 0.5
X_XX___OO
1 0.321489
4 0.55
5 1
6 0.5
_XXX___OO
0 0.55
4 0.45
5 1
6 0.5
XX__X__OO
2 0.5
3 0.423536
5 1
6 0.5
X_X_X__OO
1 0.5
3 0.388962
5 1
6 0.495
_XX_X__OO
0 0.581042
3 0.441
5 1
6 0.405
X__XX__OO
1 0.5
2 0.343065
5 1
6 0.5
_X_XX__OO
0 0.4802
2 0.360855
5 1
6 0.5
__XXX__OO
0 0.32805
1 0.410956
5 1
6 0.5
OXXXX__OO
5 0.5
6 0.5
XOXXX__OO
5 0.5
6 0.247593
XXOXX__OO
5 1
6 0.5
XXXOX__OO
5 0.5
6 0.295245
XXXXO__OO
5 1
6 1
XX___X_OO
2 0.5
3 0.5
4 1
6 0.45
X_X__X_OO
1 1
3 0.55
4 1
6 0.49
_XX__X_OO
0 0.65219
3 0.5
4 0.5
6 0.43218
X__X_X_OO
1 0.45
2 0.55
4 0.5
6 0.5
_X_X_X_OO
0 0.55
2 0.5
4 0.5
6 0.5
__XX_X_OO
0 0.6655
1 0.5
4 0.5
6 0.5
OXXX_X_OO
4 1
6 0.5
XOXX_X_OO
4 0.5
6 0.5
XXOX_X_OO
4 1
6 0.5
XXXO_X_OO
4 1
6 0.5
X___XX_OO
1 1
2 0.43218
3 0.495
6 0.4802
_X__XX_OO
0 0.45
2 0.5
3 1
6 0.539
__X_XX_OO
0 0.6655
1 0.405
3 1
6 0.581042
OXX_XX_OO
3 0.3645
6 0.5
XOX_XX_OO
3 0.4996
6 0.5
XXO_XX_OO
3 1
6 0.32805
___XXX_OO
0 1
1 0.5
2 1
6 0.5
OX_XXX_OO
2 1
6 0.5
XO_XXX_OO
2 0.5
6 0.5
O_XXXX_OO
1 0.5
6 0.5
_OXXXX_OO
0 0.5
6 0.5
X_OXXX_OO
1 0.5
6 0.5
_XOXXX_OO
0 0.5
6 0.5
XX_OXX_OO
2 0.5
6 0.5
X_XOXX_OO
1 0.5
6 0.32805
_XXOXX_OO
0 0.3645
6 0.5
XXX_OX_OO
3 1
6 0.5
XX_XOX_OO
2 1
6 0.5
X_XXOX_OO
1 1
6 1
_XXXOX_OO
0 1
6 0.5
XXXX_O_OO
4 0.5
6 0.5
XXX_XO_OO
3 1
6 0.5
XX_XXO_OO
2 1
6 0.5
X_XXXO_OO
1 1
6 0.156905
_XXXXO_OO
0 0.26572
6 0.5
XX____XOO
2 0.5
3 0.5
4 1
5 0.49
X_X___XOO
1 0.5
3 0.49
4 0.5
5 0.5
_XX___XOO
0 0.55
3 0.405
4 0.5
5 0.45
X__X__XOO
1 0.45
2 0.45
4 0.5
5 0.5
_X_X__XOO
0 0.49
2 0.5
4 0.5
5 0.5
__XX__XOO
0 0.5929
1 0.49
4 0.5
5 0.5
OXXX__XOO
4 1
5 0.5
XOXX__XOO
4 0.5
5 0.32805
XXOX__XOO
4 0.5
5 0.5
XXXO__XOO
4 0.5
5 0.5
X___X_XOO
1 0.32805
2 0.45
3 0.5
5 0.43218
_X__X_XOO
0 0.4802
2 0.35721
3 0.55
5 0.45
__X_X_XOO
0 0.5
1 0.5445
3 0.5
5 0.5
OXX_X_XOO
3 0.5
5 0.5
XOX_X_XOO
3 0.5
5 0.5
XXO_X_XOO
3 0.5
5 0.5
___XX_XOO
0 0.405
1 0.478297
2 0.505291
5 0.5
OX_XX_XOO
2 0.5
5 0.5
XO_XX_XOO
2 0.5
5 0.234365
O_XXX_XOO
1 1
5 0.5
_OXXX_XOO
0 0.5
5 0.5
X_OXX_XOO
1 0.5
5 0.5
_XOXX_XOO
0 0.295245
5 0.5
XX_OX_XOO
2 0.5
5 0.5
X_XOX_XOO
1 0.5
5 1
_XXOX_XOO
0 0.5
5 0.295245
XXX_O_XOO
3 0.5
5 0.5
XX_XO_XOO
2 0.5
5 0.5
X_XXO_XOO
1 0.5
5 0.5
_XXXO_XOO
0 0.5
5 0.5
X____XXOO
1 0.458633
2 0.4851
3 1
4 0.434063
_X___XXOO
0 0.569421
2 0.5
3 0.5
4 0.49
__X__XXOO
0 0.55
1 0.45
3 0.5
4 0.5
OXX__XXOO
3 0.5
4 0.5
XOX__XXOO
3 0.55
4 0.5
XXO__XXOO
3 0.5
4 0.26572
___X_XXOO
0 0.153766
1 0.28934
2 0.32805
4 0.5
OX_X_XXOO
2 0.5
4 0.5
XO_X_XXOO
2 0.55
4 0.5
O_XX_XXOO
1 0.5
4 0.405
_OXX_XXOO
0 0.3645
4 0.5
X_OX_XXOO
1 1
4 0.5
_XOX_XXOO
0 1
4 0.5
XX_O_XXOO
2 0.5
4 0.5
X_XO_XXOO
1 0.5
4 0.405
_XXO_XXOO
0 0.215233
4 0.5
____XXXOO
0 0.295245
1 0.405
2 0.3969
3 0.405
OX__XXXOO
2 1
3 0.5
XO__XXXOO
2 0.5
3 0.5
O_X_XXXOO
1 0.3645
3 0.32805
_OX_XXXOO
0 0.5
3 0.5
X_O_XXXOO
1 0.5
3 0.3645
_XO_XXXOO
0 0.215233
3 0.5
O__XXXXOO
1 1
2 0.5
_O_XXXXOO
0 0.5
2 0.5
OOXXXXXOO
__OXXXXOO
0 0.5
1 0.5
OXOXXXXOO
XOOXXXXOO
X__OXXXOO
1 0.5
2 0.156905
_X_OXXXOO
0 0.32805
2 0.5
__XOXXXOO
0 0.5
1 0.5
OXXOXXXOO
XOXOXXXOO
XXOOXXXOO
XX__OXXOO
2 0.5
3 0.5
X_X_OXXOO
1 0.3645
3 0.729
_XX_OXXOO
0 1
3 0.32805
X__XOXXOO
1 0.5
2 0.5
_X_XOXXOO
0 0.5
2 0.5
__XXOXXOO
0 0.30115
1 1
OXXXOXXOO
XOXXOXXOO
XXOXOXXOO
XXXOOXXOO
XXX__OXOO
3 0.5
4 0.5
XX_X_OXOO
2 0.5
4 0.5
X_XX_OXOO
1 0.5
4 0.5
_XXX_OXOO
0 0.3645
4 0.5
XX__XOXOO
2 0.5
3 0.5
X_X_XOXOO
1 1
3 0.295245
_XX_XOXOO
0 0.5
3 0.5
X__XXOXOO
1 0.5
2 0.5
_X_XXOXOO
0 0.295245
2 0.5
__XXXOXOO
0 1
1 0.5
OXXXXOXOO
XOXXXOXOO
XXOXXOXOO
XXXOXOXOO
XXXXOOXOO
XXXX__OOO
4 0.5
5 0.5
XXX_X_OOO
3 0.5
5 0.5
XX_XX_OOO
2 0.5
5 0.5
X_XXX_OOO
1 0.5
5 0.5
_XXXX_OOO
0 0.5
5 0.5
XXX__XOOO
3 0.5
4 0.5
XX_X_XOOO
2 0.5
4 0.5
X_XX_XOOO
1 0.5
4 0.5
_XXX_XOOO
0 0.5
4 0.5
XX__XXOOO
2 0.5
3 0.5
X_X_XXOOO
1 0.5
3 0.5
_XX_XXOOO
0 0.5
3 0.5
X__XXXOOO
1 0.5
2 0.5
_X_XXXOOO
0 0.5
2 0.5
__XXXXOOO
0 0.5
1 0.5
