_________
0 0.5
1 0.5
2 0.5
3 0.5
4 0.5
5 0.5
6 0.5
7 0.5
8 0.5
OX_______
2 0.5
3 0.5
4 0.5
5 0.5
6 0.5
7 0.5
8 0.5
XO_______
2 0.5
3 0.5
4 0.5
5 0.5
6 0.5
7 0.5
8 0.5
O_X______
1 0.5
3 0.5
4 0.5
5 0.5
6 0.5
7 0.5
8 0.5
_OX______
0 0.5
3 0.5
4 0.5
5 0.5
6 0.5
7 0.5
8 0.5
X_O______
1 0.5
3 0.5
4 0.5
5 0.5
6 0.5
7 0.5
8 0.5
_XO______
0 0.5
3 0.5
4 0.5
5 0.5
6 0.5
7 0.5
8 0.5
O__X_____
1 0.5
2 0.5
4 0.5
5 0.5
6 0.5
7 0.5
8 0.5
_O_X_____
0 0.5
2 0.5
4 0.5
5 0.5
6 0.5
7 0.5
8 0.5
OOXX_____
4 0.5
5 0.5
6 0.5
7 0.5
8 0.5
__OX_____
0 0.5
1 0.5
4 0.5
5 0.5
6 0.5
7 0.5
8 0.5
OXOX_____
4 0.5
5 0.5
6 0.5
7 0.5
8 0.5
XOOX_____
4 0.5
5 0.5
6 0.5
7 0.5
8 0.5
X__O_____
1 0.5
2 0.5
4 0.5
5 0.5
6 0.5
7 0.5
8 0.5
_X_O_____
0 0.5
2 0.5
4 0.5
5 0.5
6 0.5
7 0.5
8 0.5
__XO_____
0 0.5
1 0.5
4 0.5
5 0.5
6 0.5
7 0.5
8 0.5
OXXO_____
4 0.5
5 0.5
6 0.5
7 0.5
8 0.5
XOXO_____
4 0.5
5 0.5
6 0.5
7 0.5
8 0.5
XXOO_____
4 0.5
5 0.5
6 0.5
7 0.5
8 0.5
O___X____
1 0.5
2 0.5
3 0.5
5 0.5
6 0.5
7 0.5
8 0.5
_O__X____
0 0.5
2 0.5
3 0.5
5 0.5
6 0.5
7 0.5
8 0.5
OOX_X____
3 0.5
5 0.5
6 0.5
7 0.5
8 0.5
__O_X____
0 0.5
1 0.5
3 0.5
5 0.5
6 0.5
7 0.5
8 0.5
OXO_X____
3 0.5
5 0.5
6 0.5
7 0.5
8 0.5
XOO_X____
3 0.5
5 0.5
6 0.5
7 0.5
8 0.5
OO_XX____
2 0.5
5 0.5
6 0.5
7 0.5
8 0.5
O_OXX____
1 0.5
5 0.5
6 0.5
7 0.5
8 0.5
_OOXX____
0 0.5
5 0.5
6 0.5
7 0.5
8 0.5
___OX____
0 0.5
1 0.5
2 0.5
5 0.5
6 0.5
7 0.5
8 0.5
OX_OX____
2 0.5
5 0.5
6 0.5
7 0.5
8 0.5
XO_OX____
2 0.5
5 0.5
6 0.5
7 0.5
8 0.5
O_XOX____
1 0.5
5 0.5
6 0.5
7 0.5
8 0.5
_OXOX____
0 0.5
5 0.5
6 0.5
7 0.5
8 0.5
X_OOX____
1 0.5
5 0.5
6 0.5
7 0.5
8 0.5
_XOOX____
0 0.5
5 0.5
6 0.5
7 0.5
8 0.5
X___O____
1 0.5
2 0.5
3 0.5
5 0.5
6 0.5
7 0.5
8 0.5
_X__O____
0 0.5
2 0.5
3 0.5
5 0.5
6 0.5
7 0.5
8 0.5
__X_O____
0 0.5
1 0.5
3 0.5
5 0.5
6 0.5
7 0.5
8 0.5
OXX_O____
3 0.5
5 0.5
6 0.5
7 0.5
8 0.5
XOX_O____
3 0.5
5 0.5
6 0.5
7 0.5
8 0.5
XXO_O____
3 0.5
5 0.5
6 0.5
7 0.5
8 0.5
___XO____
0 0.5
1 0.5
2 0.5
5 0.5
6 0.5
7 0.5
8 0.5
OX_XO____
2 0.5
5 0.5
6 0.5
7 0.5
8 0.5
XO_XO____
2 0.5
5 0.5
6 0.5
7 0.5
8 0.5
O_XXO____
1 0.5
5 0.5
6 0.5
7 0.5
8 0.5
_OXXO____
0 0.5
5 0.5
6 0.5
7 0.5
8 0.5
X_OXO____
1 0.5
5 0.5
6 0.5
7 0.5
8 0.5
_XOXO____
0 0.5
5 0.5
6 0.5
7 0.5
8 0.5
XX_OO____
2 0.5
5 0.5
6 0.5
7 0.5
8 0.5
X_XOO____
1 0.5
5 0.5
6 0.5
7 0.5
8 0.5
_XXOO____
0 0.5
5 0.5
6 0.5
7 0.5
8 0.5
O____X___
1 0.5
2 0.5
3 0.5
4 0.5
6 0.5
7 0.5
8 0.5
_O___X___
0 0.5
2 0.5
3 0.5
4 0.5
6 0.5
7 0.5
8 0.5
OOX__X___
3 0.5
4 0.5
6 0.5
7 0.5
8 0.5
__O__X___
0 0.5
1 0.5
3 0.5
4 0.5
6 0.5
7 0.5
8 0.5
OXO__X___
3 0.5
4 0.5
6 0.5
7 0.5
8 0.5
XOO__X___
3 0.5
4 0.5
6 0.5
7 0.5
8 0.5
OO_X_X___
2 0.5
4 0.5
6 0.5
7 0.5
8 0.5
O_OX_X___
1 0.5
4 0.5
6 0.5
7 0.5
8 0.5
_OOX_X___
0 0.5
4 0.5
6 0.5
7 0.5
8 0.5
___O_X___
0 0.5
1 0.5
2 0.5
4 0.5
6 0.5
7 0.5
8 0.5
OX_O_X___
2 0.5
4 0.5
6 0.5
7 0.5
8 0.5
XO_O_X___
2 0.5
4 0.5
6 0.5
7 0.5
8 0.5
O_XO_X___
1 0.5
4 0.5
6 0.5
7 0.5
8 0.5
_OXO_X___
0 0.5
4 0.5
6 0.5
7 0.5
8 0.5
X_OO_X___
1 0.5
4 0.5
6 0.5
7 0.5
8 0.5
_XOO_X___
0 0.5
4 0.5
6 0.5
7 0.5
8 0.5
OO__XX___
2 0.5
3 0.5
6 0.5
7 0.5
8 0.5
O_O_XX___
1 0.5
3 0.5
6 0.5
7 0.5
8 0.5
_OO_XX___
0 0.5
3 0.5
6 0.5
7 0.5
8 0.5
OOOXXX___
6 0.5
7 0.5
8 0.5
O__OXX___
1 0.5
2 0.5
6 0.5
7 0.5
8 0.5
_O_OXX___
0 0.5
2 0.5
6 0.5
7 0.5
8 0.5
OOXOXX___
6 0.5
7 0.5
8 0.5
__OOXX___
0 0.5
1 0.5
6 0.5
7 0.5
8 0.5
OXOOXX___
6 0.5
7 0.5
8 0.5
XOOOXX___
6 0.5
7 0.5
8 0.5
____OX___
0 0.5
1 0.5
2 0.5
3 0.5
6 0.5
7 0.5
8 0.5
OX__OX___
2 0.5
3 0.5
6 0.5
7 0.5
8 0.5
XO__OX___
2 0.5
3 0.5
6 0.5
7 0.5
8 0.5
O_X_OX___
1 0.5
3 0.5
6 0.5
7 0.5
8 0.5
_OX_OX___
0 0.5
3 0.5
6 0.5
7 0.5
8 0.5
X_O_OX___
1 0.5
3 0.5
6 0.5
7 0.5
8 0.5
_XO_OX___
0 0.5
3 0.5
6 0.5
7 0.5
8 0.5
O__XOX___
1 0.5
2 0.5
6 0.5
7 0.5
8 0.5
_O_XOX___
0 0.5
2 0.5
6 0.5
7 0.5
8 0.5
OOXXOX___
6 0.5
7 0.5
8 0.5
__OXOX___
0 0.5
1 0.5
6 0.5
7 0.5
8 0.5
OXOXOX___
6 0.5
7 0.5
8 0.5
XOOXOX___
6 0.5
7 0.5
8 0.5
X__OOX___
1 0.5
2 0.5
6 0.5
7 0.5
8 0.5
_X_OOX___
0 0.5
2 0.5
6 0.5
7 0.5
8 0.5
__XOOX___
0 0.5
1 0.5
6 0.5
7 0.5
8 0.5
OXXOOX___
6 0.5
7 0.5
8 0.5
XOXOOX___
6 0.5
7 0.5
8 0.5
XXOOOX___
6 0.5
7 0.5
8 0.5
X____O___
1 0.5
2 0.5
3 0.5
4 0.5
6 0.5
7 0.5
8 0.5
_X___O___
0 0.5
2 0.5
3 0.5
4 0.5
6 0.5
7 0.5
8 0.5
__X__O___
0 0.5
1 0.5
3 0.5
4 0.5
6 0.5
7 0.5
8 0.5
OXX__O___
3 0.5
4 0.5
6 0.5
7 0.5
8 0.5
XOX__O___
3 0.5
4 0.5
6 0.5
7 0.5
8 0.5
XXO__O___
3 0.5
4 0.5
6 0.5
7 0.5
8 0.5
___X_O___
0 0.5
1 0.5
2 0.5
4 0.5
6 0.5
7 0.5
8 0.5
OX_X_O___
2 0.5
4 0.5
6 0.5
7 0.5
8 0.5
XO_X_O___
2 0.5
4 0.5
6 0.5
7 0.5
8 0.5
O_XX_O___
1 0.5
4 0.5
6 0.5
7 0.5
8 0.5
_OXX_O___
0 0.5
4 0.5
6 0.5
7 0.5
8 0.5
X_OX_O___
1 0.5
4 0.5
6 0.5
7 0.5
8 0.5
_XOX_O___
0 0.5
4 0.5
6 0.5
7 0.5
8 0.5
XX_O_O___
2 0.5
4 0.5
6 0.5
7 0.5
8 0.5
X_XO_O___
1 0.5
4 0.5
6 0.5
7 0.5
8 0.5
_XXO_O___
0 0.5
4 0.5
6 0.5
7 0.5
8 0.5
____XO___
0 0.5
1 0.5
2 0.5
3 0.5
6 0.5
7 0.5
8 0.5
OX__XO___
2 0.5
3 0.5
6 0.5
7 0.5
8 0.5
XO__XO___
2 0.5
3 0.5
6 0.5
7 0.5
8 0.5
O_X_XO___
1 0.5
3 0.5
6 0.5
7 0.5
8 0.5
_OX_XO___
0 0.5
3 0.5
6 0.5
7 0.5
8 0.5
X_O_XO___
1 0.5
3 0.5
6 0.5
7 0.5
8 0.5
_XO_XO___
0 0.5
3 0.5
6 0.5
7 0.5
8 0.5
O__XXO___
1 0.5
2 0.5
6 0.5
7 0.5
8 0.5
_O_XXO___
0 0.5
2 0.5
6 0.5
7 0.5
8 0.5
OOXXXO___
6 0.5
7 0.5
8 0.5
__OXXO___
0 0.5
1 0.5
6 0.5
7 0.5
8 0.5
OXOXXO___
6 0.5
7 0.5
8 0.5
XOOXXO___
6 0.5
7 0.5
8 0.5
X__OXO___
1 0.5
2 0.5
6 0.5
7 0.5
8 0.5
_X_OXO___
0 0.5
2 0.5
6 0.5
7 0.5
8 0.5
__XOXO___
0 0.5
1 0.5
6 0.5
7 0.5
8 0.5
OXXOXO___
6 0.5
7 0.5
8 0.5
XOXOXO___
6 0.5
7 0.5
8 0.5
XXOOXO___
6 0.5
7 0.5
8 0.5
XX__OO___
2 0.5
3 0.5
6 0.5
7 0.5
8 0.5
X_X_OO___
1 0.5
3 0.5
6 0.5
7 0.5
8 0.5
_XX_OO___
0 0.5
3 0.5
6 0.5
7 0.5
8 0.5
X__XOO___
1 0.5
2 0.5
6 0.5
7 0.5
8 0.5
_X_XOO___
0 0.5
2 0.5
6 0.5
7 0.5
8 0.5
__XXOO___
0 0.5
1 0.5
6 0.5
7 0.5
8 0.5
OXXXOO___
6 0.5
7 0.5
8 0.5
XOXXOO___
6 0.5
7 0.5
8 0.5
XXOXOO___
6 0.5
7 0.5
8 0.5
XXXOOO___
6 0.5
7 0.5
8 0.5
O_____X__
1 0.5
2 0.5
3 0.5
4 0.5
5 0.5
7 0.5
8 0.5
_O____X__
0 0.5
2 0.5
3 0.5
4 0.5
5 0.5
7 0.5
8 0.5
OOX___X__
3 0.5
4 0.5
5 0.5
7 0.5
8 0.5
__O___X__
0 0.5
1 0.5
3 0.5
4 0.5
5 0.5
7 0.5
8 0.5
OXO___X__
3 0.5
4 0.5
5 0.5
7 0.5
8 0.5
XOO___X__
3 0.5
4 0.5
5 0.5
7 0.5
8 0.5
OO_X__X__
2 0.5
4 0.5
5 0.5
7 0.5
8 0.5
O_OX__X__
1 0.5
4 0.5
5 0.5
7 0.5
8 0.5
_OOX__X__
0 0.5
4 0.5
5 0.5
7 0.5
8 0.5
___O__X__
0 0.5
1 0.5
2 0.5
4 0.5
5 0.5
7 0.5
8 0.5
OX_O__X__
2 0.5
4 0.5
5 0.5
7 0.5
8 0.5
XO_O__X__
2 0.5
4 0.5
5 0.5
7 0.5
8 0.5
O_XO__X__
1 0.5
4 0.5
5 0.5
7 0.5
8 0.5
_OXO__X__
0 0.5
4 0.5
5 0.5
7 0.5
8 0.5
X_OO__X__
1 0.5
4 0.5
5 0.5
7 0.5
8 0.5
_XOO__X__
0 0.5
4 0.5
5 0.5
7 0.5
8 0.5
OO__X_X__
2 0.5
3 0.5
5 0.5
7 0.5
8 0.5
O_O_X_X__
1 0.5
3 0.5
5 0.5
7 0.5
8 0.5
_OO_X_X__
0 0.5
3 0.5
5 0.5
7 0.5
8 0.5
OOOXX_X__
5 0.5
7 0.5
8 0.5
O__OX_X__
1 0.5
2 0.5
5 0.5
7 0.5
8 0.5
_O_OX_X__
0 0.5
2 0.5
5 0.5
7 0.5
8 0.5
OOXOX_X__
5 0.5
7 0.5
8 0.5
__OOX_X__
0 0.5
1 0.5
5 0.5
7 0.5
8 0.5
OXOOX_X__
5 0.5
7 0.5
8 0.5
XOOOX_X__
5 0.5
7 0.5
8 0.5
____O_X__
0 0.5
1 0.5
2 0.5
3 0.5
5 0.5
7 0.5
8 0.5
OX__O_X__
2 0.5
3 0.5
5 0.5
7 0.5
8 0.5
XO__O_X__
2 0.5
3 0.5
5 0.5
7 0.5
8 0.5
O_X_O_X__
1 0.5
3 0.5
5 0.5
7 0.5
8 0.5
_OX_O_X__
0 0.5
3 0.5
5 0.5
7 0.5
8 0.5
X_O_O_X__
1 0.5
3 0.5
5 0.5
7 0.5
8 0.5
_XO_O_X__
0 0.5
3 0.5
5 0.5
7 0.5
8 0.5
O__XO_X__
1 0.5
2 0.5
5 0.5
7 0.5
8 0.5
_O_XO_X__
0 0.5
2 0.5
5 0.5
7 0.5
8 0.5
OOXXO_X__
5 0.5
7 0.5
8 0.5
__OXO_X__
0 0.5
1 0.5
5 0.5
7 0.5
8 0.5
OXOXO_X__
5 0.5
7 0.5
8 0.5
XOOXO_X__
5 0.5
7 0.5
8 0.5
X__OO_X__
1 0.5
2 0.5
5 0.5
7 0.5
8 0.5
_X_OO_X__
0 0.5
2 0.5
5 0.5
7 0.5
8 0.5
__XOO_X__
0 0.5
1 0.5
5 0.5
7 0.5
8 0.5
OXXOO_X__
5 0.5
7 0.5
8 0.5
XOXOO_X__
5 0.5
7 0.5
8 0.5
XXOOO_X__
5 0.5
7 0.5
8 0.5
OO___XX__
2 0.5
3 0.5
4 0.5
7 0.5
8 0.5
O_O__XX__
1 0.5
3 0.5
4 0.5
7 0.5
8 0.5
_OO__XX__
0 0.5
3 0.5
4 0.5
7 0.5
8 0.5
OOOX_XX__
4 0.5
7 0.5
8 0.5
O__O_XX__
1 0.5
2 0.5
4 0.5
7 0.5
8 0.5
_O_O_XX__
0 0.5
2 0.5
4 0.5
7 0.5
8 0.5
OOXO_XX__
4 0.5
7 0.5
8 0.5
__OO_XX__
0 0.5
1 0.5
4 0.5
7 0.5
8 0.5
OXOO_XX__
4 0.5
7 0.5
8 0.5
XOOO_XX__
4 0.5
7 0.5
8 0.5
OOO_XXX__
3 0.5
7 0.5
8 0.5
OO_OXXX__
2 0.5
7 0.5
8 0.5
O_OOXXX__
1 0.5
7 0.5
8 0.5
_OOOXXX__
0 0.5
7 0.5
8 0.5
O___OXX__
1 0.5
2 0.5
3 0.5
7 0.5
8 0.5
_O__OXX__
0 0.5
2 0.5
3 0.5
7 0.5
8 0.5
OOX_OXX__
3 0.5
7 0.5
8 0.5
__O_OXX__
0 0.5
1 0.5
3 0.5
7 0.5
8 0.5
OXO_OXX__
3 0.5
7 0.5
8 0.5
XOO_OXX__
3 0.5
7 0.5
8 0.5
OO_XOXX__
2 0.5
7 0.5
8 0.5
O_OXOXX__
1 0.5
7 0.5
8 0.5
_OOXOXX__
0 0.5
7 0.5
8 0.5
___OOXX__
0 0.5
1 0.5
2 0.5
7 0.5
8 0.5
OX_OOXX__
2 0.5
7 0.5
8 0.5
XO_OOXX__
2 0.5
7 0.5
8 0.5
O_XOOXX__
1 0.5
7 0.5
8 0.5
_OXOOXX__
0 0.5
7 0.5
8 0.5
X_OOOXX__
1 0.5
7 0.5
8 0.5
_XOOOXX__
0 0.5
7 0.5
8 0.5
_____OX__
0 0.5
1 0.5
2 0.5
3 0.5
4 0.5
7 0.5
8 0.5
OX___OX__
2 0.5
3 0.5
4 0.5
7 0.5
8 0.5
XO___OX__
2 0.5
3 0.5
4 0.5
7 0.5
8 0.5
O_X__OX__
1 0.5
3 0.5
4 0.5
7 0.5
8 0.5
_OX__OX__
0 0.5
3 0.5
4 0.5
7 0.5
8 0.5
X_O__OX__
1 0.5
3 0.5
4 0.5
7 0.5
8 0.5
_XO__OX__
0 0.5
3 0.5
4 0.5
7 0.5
8 0.5
O__X_OX__
1 0.5
2 0.5
4 0.5
7 0.5
8 0.5
_O_X_OX__
0 0.5
2 0.5
4 0.5
7 0.5
8 0.5
OOXX_OX__
4 0.5
7 0.5
8 0.5
__OX_OX__
0 0.5
1 0.5
4 0.5
7 0.5
8 0.5
OXOX_OX__
4 0.5
7 0.5
8 0.5
XOOX_OX__
4 0.5
7 0.5
8 0.5
X__O_OX__
1 0.5
2 0.5
4 0.5
7 0.5
8 0.5
_X_O_OX__
0 0.5
2 0.5
4 0.5
7 0.5
8 0.5
__XO_OX__
0 0.5
1 0.5
4 0.5
7 0.5
8 0.5
OXXO_OX__
4 0.5
7 0.5
8 0.5
XOXO_OX__
4 0.5
7 0.5
8 0.5
XXOO_OX__
4 0.5
7 0.5
8 0.5
O___XOX__
1 0.5
2 0.5
3 0.5
7 0.5
8 0.5
_O__XOX__
0 0.5
2 0.5
3 0.5
7 0.5
8 0.5
OOX_XOX__
3 0.5
7 0.5
8 0.5
__O_XOX__
0 0.5
1 0.5
3 0.5
7 0.5
8 0.5
OXO_XOX__
3 0.5
7 0.5
8 0.5
XOO_XOX__
3 0.5
7 0.5
8 0.5
OO_XXOX__
2 0.5
7 0.5
8 0.5
O_OXXOX__
1 0.5
7 0.5
8 0.5
_OOXXOX__
0 0.5
7 0.5
8 0.5
___OXOX__
0 0.5
1 0.5
2 0.5
7 0.5
8 0.5
OX_OXOX__
2 0.5
7 0.5
8 0.5
XO_OXOX__
2 0.5
7 0.5
8 0.5
O_XOXOX__
1 0.5
7 0.5
8 0.5
_OXOXOX__
0 0.5
7 0.5
8 0.5
X_OOXOX__
1 0.5
7 0.5
8 0.5
_XOOXOX__
0 0.5
7 0.5
8 0.5
X___OOX__
1 0.5
2 0.5
3 0.5
7 0.5
8 0.5
_X__OOX__
0 0.5
2 0.5
3 0.5
7 0.5
8 0.5
__X_OOX__
0 0.5
1 0.5
3 0.5
7 0.5
8 0.5
OXX_OOX__
3 0.5
7 0.5
8 0.5
XOX_OOX__
3 0.5
7 0.5
8 0.5
XXO_OOX__
3 0.5
7 0.5
8 0.5
___XOOX__
0 0.5
1 0.5
2 0.5
7 0.5
8 0.5
OX_XOOX__
2 0.5
7 0.5
8 0.5
XO_XOOX__
2 0.5
7 0.5
8 0.5
O_XXOOX__
1 0.5
7 0.5
8 0.5
_OXXOOX__
0 0.5
7 0.5
8 0.5
X_OXOOX__
1 0.5
7 0.5
8 0.5
_XOXOOX__
0 0.5
7 0.5
8 0.5
XX_OOOX__
2 0.5
7 0.5
8 0.5
X_XOOOX__
1 0.5
7 0.5
8 0.5
_XXOOOX__
0 0.5
7 0.5
8 0.5
X_____O__
1 0.5
2 0.5
3 0.5
4 0.5
5 0.5
7 0.5
8 0.5
_X____O__
0 0.5
2 0.5
3 0.5
4 0.5
5 0.5
7 0.5
8 0.5
__X___O__
0 0.5
1 0.5
3 0.5
4 0.5
5 0.5
7 0.5
8 0.5
OXX___O__
3 0.5
4 0.5
5 0.5
7 0.5
8 0.5
XOX___O__
3 0.5
4 0.5
5 0.5
7 0.5
8 0.5
XXO___O__
3 0.5
4 0.5
5 0.5
7 0.5
8 0.5
___X__O__
0 0.5
1 0.5
2 0.5
4 0.5
5 0.5
7 0.5
8 0.5
OX_X__O__
2 0.5
4 0.5
5 0.5
7 0.5
8 0.5
XO_X__O__
2 0.5
4 0.5
5 0.5
7 0.5
8 0.5
O_XX__O__
1 0.5
4 0.5
5 0.5
7 0.5
8 0.5
_OXX__O__
0 0.5
4 0.5
5 0.5
7 0.5
8 0.5
X_OX__O__
1 0.5
4 0.5
5 0.5
7 0.5
8 0.5
_XOX__O__
0 0.5
4 0.5
5 0.5
7 0.5
8 0.5
XX_O__O__
2 0.5
4 0.5
5 0.5
7 0.5
8 0.5
X_XO__O__
1 0.5
4 0.5
5 0.5
7 0.5
8 0.5
_XXO__O__
0 0.5
4 0.5
5 0.5
7 0.5
8 0.5
____X_O__
0 0.5
1 0.5
2 0.5
3 0.5
5 0.5
7 0.5
8 0.5
OX__X_O__
2 0.5
3 0.5
5 0.5
7 0.5
8 0.5
XO__X_O__
2 0.5
3 0.5
5 0.5
7 0.5
8 0.5
O_X_X_O__
1 0.5
3 0.5
5 0.5
7 0.5
8 0.5
_OX_X_O__
0 0.5
3 0.5
5 0.5
7 0.5
8 0.5
X_O_X_O__
1 0.5
3 0.5
5 0.5
7 0.5
8 0.5
_XO_X_O__
0 0.5
3 0.5
5 0.5
7 0.5
8 0.5
O__XX_O__
1 0.5
2 0.5
5 0.5
7 0.5
8 0.5
_O_XX_O__
0 0.5
2 0.5
5 0.5
7 0.5
8 0.5
OOXXX_O__
5 0.5
7 0.5
8 0.5
__OXX_O__
0 0.5
1 0.5
5 0.5
7 0.5
8 0.5
OXOXX_O__
5 0.5
7 0.5
8 0.5
XOOXX_O__
5 0.5
7 0.5
8 0.5
X__OX_O__
1 0.5
2 0.5
5 0.5
7 0.5
8 0.5
_X_OX_O__
0 0.5
2 0.5
5 0.5
7 0.5
8 0.5
__XOX_O__
0 0.5
1 0.5
5 0.5
7 0.5
8 0.5
OXXOX_O__
5 0.5
7 0.5
8 0.5
XOXOX_O__
5 0.5
7 0.5
8 0.5
XXOOX_O__
5 0.5
7 0.5
8 0.5
XX__O_O__
2 0.5
3 0.5
5 0.5
7 0.5
8 0.5
X_X_O_O__
1 0.5
3 0.5
5 0.5
7 0.5
8 0.5
_XX_O_O__
0 0.5
3 0.5
5 0.5
7 0.5
8 0.5
X__XO_O__
1 0.5
2 0.5
5 0.5
7 0.5
8 0.5
_X_XO_O__
0 0.5
2 0.5
5 0.5
7 0.5
8 0.5
__XXO_O__
0 0.5
1 0.5
5 0.5
7 0.5
8 0.5
OXXXO_O__
5 0.5
7 0.5
8 0.5
XOXXO_O__
5 0.5
7 0.5
8 0.5
XXOXO_O__
5 0.5
7 0.5
8 0.5
XXXOO_O__
5 0.5
7 0.5
8 0.5
_____XO__
0 0.5
1 0.5
2 0.5
3 0.5
4 0.5
7 0.5
8 0.5
OX___XO__
2 0.5
3 0.5
4 0.5
7 0.5
8 0.5
XO___XO__
2 0.5
3 0.5
4 0.5
7 0.5
8 0.5
O_X__XO__
1 0.5
3 0.5
4 0.5
7 0.5
8 0.5
_OX__XO__
0 0.5
3 0.5
4 0.5
7 0.5
8 0.5
X_O__XO__
1 0.5
3 0.5
4 0.5
7 0.5
8 0.5
_XO__XO__
0 0.5
3 0.5
4 0.5
7 0.5
8 0.5
O__X_XO__
1 0.5
2 0.5
4 0.5
7 0.5
8 0.5
_O_X_XO__
0 0.5
2 0.5
4 0.5
7 0.5
8 0.5
OOXX_XO__
4 0.5
7 0.5
8 0.5
__OX_XO__
0 0.5
1 0.5
4 0.5
7 0.5
8 0.5
OXOX_XO__
4 0.5
7 0.5
8 0.5
XOOX_XO__
4 0.5
7 0.5
8 0.5
X__O_XO__
1 0.5
2 0.5
4 0.5
7 0.5
8 0.5
_X_O_XO__
0 0.5
2 0.5
4 0.5
7 0.5
8 0.5
__XO_XO__
0 0.5
1 0.5
4 0.5
7 0.5
8 0.5
OXXO_XO__
4 0.5
7 0.5
8 0.5
XOXO_XO__
4 0.5
7 0.5
8 0.5
XXOO_XO__
4 0.5
7 0.5
8 0.5
O___XXO__
1 0.5
2 0.5
3 0.5
7 0.5
8 0.5
_O__XXO__
0 0.5
2 0.5
3 0.5
7 0.5
8 0.5
OOX_XXO__
3 0.5
7 0.5
8 0.5
__O_XXO__
0 0.5
1 0.5
3 0.5
7 0.5
8 0.5
OXO_XXO__
3 0.5
7 0.5
8 0.5
XOO_XXO__
3 0.5
7 0.5
8 0.5
OO_XXXO__
2 0.5
7 0.5
8 0.5
O_OXXXO__
1 0.5
7 0.5
8 0.5
_OOXXXO__
0 0.5
7 0.5
8 0.5
___OXXO__
0 0.5
1 0.5
2 0.5
7 0.5
8 0.5
OX_OXXO__
2 0.5
7 0.5
8 0.5
XO_OXXO__
2 0.5
7 0.5
8 0.5
O_XOXXO__
1 0.5
7 0.5
8 0.5
_OXOXXO__
0 0.5
7 0.5
8 0.5
X_OOXXO__
1 0.5
7 0.5
8 0.5
_XOOXXO__
0 0.5
7 0.5
8 0.5
X___OXO__
1 0.5
2 0.5
3 0.5
7 0.5
8 0.5
_X__OXO__
0 0.5
2 0.5
3 0.5
7 0.5
8 0.5
__X_OXO__
0 0.5
1 0.5
3 0.5
7 0.5
8 0.5
OXX_OXO__
3 0.5
7 0.5
8 0.5
XOX_OXO__
3 0.5
7 0.5
8 0.5
XXO_OXO__
3 0.5
7 0.5
8 0.5
___XOXO__
0 0.5
1 0.5
2 0.5
7 0.5
8 0.5
OX_XOXO__
2 0.5
7 0.5
8 0.5
XO_XOXO__
2 0.5
7 0.5
8 0.5
O_XXOXO__
1 0.5
7 0.5
8 0.5
_OXXOXO__
0 0.5
7 0.5
8 0.5
X_OXOXO__
1 0.5
7 0.5
8 0.5
_XOXOXO__
0 0.5
7 0.5
8 0.5
XX_OOXO__
2 0.5
7 0.5
8 0.5
X_XOOXO__
1 0.5
7 0.5
8 0.5
_XXOOXO__
0 0.5
7 0.5
8 0.5
XX___OO__
2 0.5
3 0.5
4 0.5
7 0.5
8 0.5
X_X__OO__
1 0.5
3 0.5
4 0.5
7 0.5
8 0.5
_XX__OO__
0 0.5
3 0.5
4 0.5
7 0.5
8 0.5
X__X_OO__
1 0.5
2 0.5
4 0.5
7 0.5
8 0.5
_X_X_OO__
0 0.5
2 0.5
4 0.5
7 0.5
8 0.5
__XX_OO__
0 0.5
1 0.5
4 0.5
7 0.5
8 0.5
OXXX_OO__
4 0.5
7 0.5
8 0.5
XOXX_OO__
4 0.5
7 0.5
8 0.5
XXOX_OO__
4 0.5
7 0.5
8 0.5
XXXO_OO__
4 0.5
7 0.5
8 0.5
X___XOO__
1 0.5
2 0.5
3 0.5
7 0.5
8 0.5
_X__XOO__
0 0.5
2 0.5
3 0.5
7 0.5
8 0.5
__X_XOO__
0 0.5
1 0.5
3 0.5
7 0.5
8 0.5
OXX_XOO__
3 0.5
7 0.5
8 0.5
XOX_XOO__
3 0.5
7 0.5
8 0.5
XXO_XOO__
3 0.5
7 0.5
8 0.5
___XXOO__
0 0.5
1 0.5
2 0.5
7 0.5
8 0.5
OX_XXOO__
2 0.5
7 0.5
8 0.5
XO_XXOO__
2 0.5
7 0.5
8 0.5
O_XXXOO__
1 0.5
7 0.5
8 0.5
_OXXXOO__
0 0.5
7 0.5
8 0.5
X_OXXOO__
1 0.5
7 0.5
8 0.5
_XOXXOO__
0 0.5
7 0.5
8 0.5
XX_OXOO__
2 0.5
7 0.5
8 0.5
X_XOXOO__
1 0.5
7 0.5
8 0.5
_XXOXOO__
0 0.5
7 0.5
8 0.5
XXX_OOO__
3 0.5
7 0.5
8 0.5
XX_XOOO__
2 0.5
7 0.5
8 0.5
X_XXOOO__
1 0.5
7 0.5
8 0.5
_XXXOOO__
0 0.5
7 0.5
8 0.5
O______X_
1 0.5
2 0.5
3 0.5
4 0.5
5 0.5
6 0.5
8 0.5
_O_____X_
0 0.5
2 0.5
3 0.5
4 0.5
5 0.5
6 0.5
8 0.5
OOX____X_
3 0.5
4 0.5
5 0.5
6 0.5
8 0.5
__O____X_
0 0.5
1 0.5
3 0.5
4 0.5
5 0.5
6 0.5
8 0.5
OXO____X_
3 0.5
4 0.5
5 0.5
6 0.5
8 0.5
XOO____X_
3 0.5
4 0.5
5 0.5
6 0.5
8 0.5
OO_X___X_
2 0.5
4 0.5
5 0.5
6 0.5
8 0.5
O_OX___X_
1 0.5
4 0.5
5 0.5
6 0.5
8 0.5
_OOX___X_
0 0.5
4 0.5
5 0.5
6 0.5
8 0.5
___O___X_
0 0.5
1 0.5
2 0.5
4 0.5
5 0.5
6 0.5
8 0.5
OX_O___X_
2 0.5
4 0.5
5 0.5
6 0.5
8 0.5
XO_O___X_
2 0.5
4 0.5
5 0.5
6 0.5
8 0.5
O_XO___X_
1 0.5
4 0.5
5 0.5
6 0.5
8 0.5
_OXO___X_
0 0.5
4 0.5
5 0.5
6 0.5
8 0.5
X_OO___X_
1 0.5
4 0.5
5 0.5
6 0.5
8 0.5
_XOO___X_
0 0.5
4 0.5
5 0.5
6 0.5
8 0.5
OO__X__X_
2 0.5
3 0.5
5 0.5
6 0.5
8 0.5
O_O_X__X_
1 0.5
3 0.5
5 0.5
6 0.5
8 0.5
_OO_X__X_
0 0.5
3 0.5
5 0.5
6 0.5
8 0.5
OOOXX__X_
5 0.5
6 0.5
8 0.5
O__OX__X_
1 0.5
2 0.5
5 0.5
6 0.5
8 0.5
_O_OX__X_
0 0.5
2 0.5
5 0.5
6 0.5
8 0.5
OOXOX__X_
5 0.5
6 0.5
8 0.5
__OOX__X_
0 0.5
1 0.5
5 0.5
6 0.5
8 0.5
OXOOX__X_
5 0.5
6 0.5
8 0.5
XOOOX__X_
5 0.5
6 0.5
8 0.5
____O__X_
0 0.5
1 0.5
2 0.5
3 0.5
5 0.5
6 0.5
8 0.5
OX__O__X_
2 0.5
3 0.5
5 0.5
6 0.5
8 0.5
XO__O__X_
2 0.5
3 0.5
5 0.5
6 0.5
8 0.5
O_X_O__X_
1 0.5
3 0.5
5 0.5
6 0.5
8 0.5
_OX_O__X_
0 0.5
3 0.5
5 0.5
6 0.5
8 0.5
X_O_O__X_
1 0.5
3 0.5
5 0.5
6 0.5
8 0.5
_XO_O__X_
0 0.5
3 0.5
5 0.5
6 0.5
8 0.5
O__XO__X_
1 0.5
2 0.5
5 0.5
6 0.5
8 0.5
_O_XO__X_
0 0.5
2 0.5
5 0.5
6 0.5
8 0.5
OOXXO__X_
5 0.5
6 0.5
8 0.5
__OXO__X_
0 0.5
1 0.5
5 0.5
6 0.5
8 0.5
OXOXO__X_
5 0.5
6 0.5
8 0.5
XOOXO__X_
5 0.5
6 0.5
8 0.5
X__OO__X_
1 0.5
2 0.5
5 0.5
6 0.5
8 0.5
_X_OO__X_
0 0.5
2 0.5
5 0.5
6 0.5
8 0.5
__XOO__X_
0 0.5
1 0.5
5 0.5
6 0.5
8 0.5
OXXOO__X_
5 0.5
6 0.5
8 0.5
XOXOO__X_
5 0.5
6 0.5
8 0.5
XXOOO__X_
5 0.5
6 0.5
8 0.5
OO___X_X_
2 0.5
3 0.5
4 0.5
6 0.5
8 0.5
O_O__X_X_
1 0.5
3 0.5
4 0.5
6 0.5
8 0.5
_OO__X_X_
0 0.5
3 0.5
4 0.5
6 0.5
8 0.5
OOOX_X_X_
4 0.5
6 0.5
8 0.5
O__O_X_X_
1 0.5
2 0.5
4 0.5
6 0.5
8 0.5
_O_O_X_X_
0 0.5
2 0.5
4 0.5
6 0.5
8 0.5
OOXO_X_X_
4 0.5
6 0.5
8 0.5
__OO_X_X_
0 0.5
1 0.5
4 0.5
6 0.5
8 0.5
OXOO_X_X_
4 0.5
6 0.5
8 0.5
XOOO_X_X_
4 0.5
6 0.5
8 0.5
OOO_XX_X_
3 0.5
6 0.5
8 0.5
OO_OXX_X_
2 0.5
6 0.5
8 0.5
O_OOXX_X_
1 0.5
6 0.5
8 0.5
_OOOXX_X_
0 0.5
6 0.5
8 0.5
O___OX_X_
1 0.5
2 0.5
3 0.5
6 0.5
8 0.5
_O__OX_X_
0 0.5
2 0.5
3 0.5
6 0.5
8 0.5
OOX_OX_X_
3 0.5
6 0.5
8 0.5
__O_OX_X_
0 0.5
1 0.5
3 0.5
6 0.5
8 0.5
OXO_OX_X_
3 0.5
6 0.5
8 0.5
XOO_OX_X_
3 0.5
6 0.5
8 0.5
OO_XOX_X_
2 0.5
6 0.5
8 0.5
O_OXOX_X_
1 0.5
6 0.5
8 0.5
_OOXOX_X_
0 0.5
6 0.5
8 0.5
___OOX_X_
0 0.5
1 0.5
2 0.5
6 0.5
8 0.5
OX_OOX_X_
2 0.5
6 0.5
8 0.5
XO_OOX_X_
2 0.5
6 0.5
8 0.5
O_XOOX_X_
1 0.5
6 0.5
8 0.5
_OXOOX_X_
0 0.5
6 0.5
8 0.5
X_OOOX_X_
1 0.5
6 0.5
8 0.5
_XOOOX_X_
0 0.5
6 0.5
8 0.5
_____O_X_
0 0.5
1 0.5
2 0.5
3 0.5
4 0.5
6 0.5
8 0.5
OX___O_X_
2 0.5
3 0.5
4 0.5
6 0.5
8 0.5
XO___O_X_
2 0.5
3 0.5
4 0.5
6 0.5
8 0.5
O_X__O_X_
1 0.5
3 0.5
4 0.5
6 0.5
8 0.5
_OX__O_X_
0 0.5
3 0.5
4 0.5
6 0.5
8 0.5
X_O__O_X_
1 0.5
3 0.5
4 0.5
6 0.5
8 0.5
_XO__O_X_
0 0.5
3 0.5
4 0.5
6 0.5
8 0.5
O__X_O_X_
1 0.5
2 0.5
4 0.5
6 0.5
8 0.5
_O_X_O_X_
0 0.5
2 0.5
4 0.5
6 0.5
8 0.5
OOXX_O_X_
4 0.5
6 0.5
8 0.5
__OX_O_X_
0 0.5
1 0.5
4 0.5
6 0.5
8 0.5
OXOX_O_X_
4 0.5
6 0.5
8 0.5
XOOX_O_X_
4 0.5
6 0.5
8 0.5
X__O_O_X_
1 0.5
2 0.5
4 0.5
6 0.5
8 0.5
_X_O_O_X_
0 0.5
2 0.5
4 0.5
6 0.5
8 0.5
__XO_O_X_
0 0.5
1 0.5
4 0.5
6 0.5
8 0.5
OXXO_O_X_
4 0.5
6 0.5
8 0.5
XOXO_O_X_
4 0.5
6 0.5
8 0.5
XXOO_O_X_
4 0.5
6 0.5
8 0.5
O___XO_X_
1 0.5
2 0.5
3 0.5
6 0.5
8 0.5
_O__XO_X_
0 0.5
2 0.5
3 0.5
6 0.5
8 0.5
OOX_XO_X_
3 0.5
6 0.5
8 0.5
__O_XO_X_
0 0.5
1 0.5
3 0.5
6 0.5
8 0.5
OXO_XO_X_
3 0.5
6 0.5
8 0.5
XOO_XO_X_
3 0.5
6 0.5
8 0.5
OO_XXO_X_
2 0.5
6 0.5
8 0.5
O_OXXO_X_
1 0.5
6 0.5
8 0.5
_OOXXO_X_
0 0.5
6 0.5
8 0.5
___OXO_X_
0 0.5
1 0.5
2 0.5
6 0.5
8 0.5
OX_OXO_X_
2 0.5
6 0.5
8 0.5
XO_OXO_X_
2 0.5
6 0.5
8 0.5
O_XOXO_X_
1 0.5
6 0.5
8 0.5
_OXOXO_X_
0 0.5
6 0.5
8 0.5
X_OOXO_X_
1 0.5
6 0.5
8 0.5
_XOOXO_X_
0 0.5
6 0.5
8 0.5
X___OO_X_
1 0.5
2 0.5
3 0.5
6 0.5
8 0.5
_X__OO_X_
0 0.5
2 0.5
3 0.5
6 0.5
8 0.5
__X_OO_X_
0 0.5
1 0.5
3 0.5
6 0.5
8 0.5
OXX_OO_X_
3 0.5
6 0.5
8 0.5
XOX_OO_X_
3 0.5
6 0.5
8 0.5
XXO_OO_X_
3 0.5
6 0.5
8 0.5
___XOO_X_
0 0.5
1 0.5
2 0.5
6 0.5
8 0.5
OX_XOO_X_
2 0.5
6 0.5
8 0.5
XO_XOO_X_
2 0.5
6 0.5
8 0.5
O_XXOO_X_
1 0.5
6 0.5
8 0.5
_OXXOO_X_
0 0.5
6 0.5
8 0.5
X_OXOO_X_
1 0.5
6 0.5
8 0.5
_XOXOO_X_
0 0.5
6 0.5
8 0.5
XX_OOO_X_
2 0.5
6 0.5
8 0.5
X_XOOO_X_
1 0.5
6 0.5
8 0.5
_XXOOO_X_
0 0.5
6 0.5
8 0.5
OO____XX_
2 0.5
3 0.5
4 0.5
5 0.5
8 0.5
O_O___XX_
1 0.5
3 0.5
4 0.5
5 0.5
8 0.5
_OO___XX_
0 0.5
3 0.5
4 0.5
5 0.5
8 0.5
OOOX__XX_
4 0.5
5 0.5
8 0.5
O__O__XX_
1 0.5
2 0.5
4 0.5
5 0.5
8 0.5
_O_O__XX_
0 0.5
2 0.5
4 0.5
5 0.5
8 0.5
OOXO__XX_
4 0.5
5 0.5
8 0.5
__OO__XX_
0 0.5
1 0.5
4 0.5
5 0.5
8 0.5
OXOO__XX_
4 0.5
5 0.5
8 0.5
XOOO__XX_
4 0.5
5 0.5
8 0.5
OOO_X_XX_
3 0.5
5 0.5
8 0.5
OO_OX_XX_
2 0.5
5 0.5
8 0.5
O_OOX_XX_
1 0.5
5 0.5
8 0.5
_OOOX_XX_
0 0.5
5 0.5
8 0.5
O___O_XX_
1 0.5
2 0.5
3 0.5
5 0.5
8 0.5
_O__O_XX_
0 0.5
2 0.5
3 0.5
5 0.5
8 0.5
OOX_O_XX_
3 0.5
5 0.5
8 0.5
__O_O_XX_
0 0.5
1 0.5
3 0.5
5 0.5
8 0.5
OXO_O_XX_
3 0.5
5 0.5
8 0.5
XOO_O_XX_
3 0.5
5 0.5
8 0.5
OO_XO_XX_
2 0.5
5 0.5
8 0.5
O_OXO_XX_
1 0.5
5 0.5
8 0.5
_OOXO_XX_
0 0.5
5 0.5
8 0.5
___OO_XX_
0 0.5
1 0.5
2 0.5
5 0.5
8 0.5
OX_OO_XX_
2 0.5
5 0.5
8 0.5
XO_OO_XX_
2 0.5
5 0.5
8 0.5
O_XOO_XX_
1 0.5
5 0.5
8 0.5
_OXOO_XX_
0 0.5
5 0.5
8 0.5
X_OOO_XX_
1 0.5
5 0.5
8 0.5
_XOOO_XX_
0 0.5
5 0.5
8 0.5
OOO__XXX_
3 0.5
4 0.5
8 0.5
OO_O_XXX_
2 0.5
4 0.5
8 0.5
O_OO_XXX_
1 0.5
4 0.5
8 0.5
_OOO_XXX_
0 0.5
4 0.5
8 0.5
OOOOXXXX_
8 0.5
OO__OXXX_
2 0.5
3 0.5
8 0.5
O_O_OXXX_
1 0.5
3 0.5
8 0.5
_OO_OXXX_
0 0.5
3 0.5
8 0.5
OOOXOXXX_
8 0.5
O__OOXXX_
1 0.5
2 0.5
8 0.5
_O_OOXXX_
0 0.5
2 0.5
8 0.5
OOXOOXXX_
8 0.5
__OOOXXX_
0 0.5
1 0.5
8 0.5
OXOOOXXX_
8 0.5
XOOOOXXX_
8 0.5
O____OXX_
1 0.5
2 0.5
3 0.5
4 0.5
8 0.5
_O___OXX_
0 0.5
2 0.5
3 0.5
4 0.5
8 0.5
OOX__OXX_
3 0.5
4 0.5
8 0.5
__O__OXX_
0 0.5
1 0.5
3 0.5
4 0.5
8 0.5
OXO__OXX_
3 0.5
4 0.5
8 0.5
XOO__OXX_
3 0.5
4 0.5
8 0.5
OO_X_OXX_
2 0.5
4 0.5
8 0.5
O_OX_OXX_
1 0.5
4 0.5
8 0.5
_OOX_OXX_
0 0.5
4 0.5
8 0.5
___O_OXX_
0 0.5
1 0.5
2 0.5
4 0.5
8 0.5
OX_O_OXX_
2 0.5
4 0.5
8 0.5
XO_O_OXX_
2 0.5
4 0.5
8 0.5
O_XO_OXX_
1 0.5
4 0.5
8 0.5
_OXO_OXX_
0 0.5
4 0.5
8 0.5
X_OO_OXX_
1 0.5
4 0.5
8 0.5
_XOO_OXX_
0 0.5
4 0.5
8 0.5
OO__XOXX_
2 0.5
3 0.5
8 0.5
O_O_XOXX_
1 0.5
3 0.5
8 0.5
_OO_XOXX_
0 0.5
3 0.5
8 0.5
OOOXXOXX_
8 0.5
O__OXOXX_
1 0.5
2 0.5
8 0.5
_O_OXOXX_
0 0.5
2 0.5
8 0.5
OOXOXOXX_
8 0.5
__OOXOXX_
0 0.5
1 0.5
8 0.5
OXOOXOXX_
8 0.5
XOOOXOXX_
8 0.5
____OOXX_
0 0.5
1 0.5
2 0.5
3 0.5
8 0.5
OX__OOXX_
2 0.5
3 0.5
8 0.5
XO__OOXX_
2 0.5
3 0.5
8 0.5
O_X_OOXX_
1 0.5
3 0.5
8 0.5
_OX_OOXX_
0 0.5
3 0.5
8 0.5
X_O_OOXX_
1 0.5
3 0.5
8 0.5
_XO_OOXX_
0 0.5
3 0.5
8 0.5
O__XOOXX_
1 0.5
2 0.5
8 0.5
_O_XOOXX_
0 0.5
2 0.5
8 0.5
OOXXOOXX_
8 0.5
__OXOOXX_
0 0.5
1 0.5
8 0.5
OXOXOOXX_
8 0.5
XOOXOOXX_
8 0.5
X__OOOXX_
1 0.5
2 0.5
8 0.5
_X_OOOXX_
0 0.5
2 0.5
8 0.5
__XOOOXX_
0 0.5
1 0.5
8 0.5
OXXOOOXX_
8 0.5
XOXOOOXX_
8 0.5
XXOOOOXX_
8 0.5
______OX_
0 0.5
1 0.5
2 0.5
3 0.5
4 0.5
5 0.5
8 0.5
OX____OX_
2 0.5
3 0.5
4 0.5
5 0.5
8 0.5
XO____OX_
2 0.5
3 0.5
4 0.5
5 0.5
8 0.5
O_X___OX_
1 0.5
3 0.5
4 0.5
5 0.5
8 0.5
_OX___OX_
0 0.5
3 0.5
4 0.5
5 0.5
8 0.5
X_O___OX_
1 0.5
3 0.5
4 0.5
5 0.5
8 0.5
_XO___OX_
0 0.5
3 0.5
4 0.5
5 0.5
8 0.5
O__X__OX_
1 0.5
2 0.5
4 0.5
5 0.5
8 0.5
_O_X__OX_
0 0.5
2 0.5
4 0.5
5 0.5
8 0.5
OOXX__OX_
4 0.5
5 0.5
8 0.5
__OX__OX_
0 0.5
1 0.5
4 0.5
5 0.5
8 0.5
OXOX__OX_
4 0.5
5 0.5
8 0.5
XOOX__OX_
4 0.5
5 0.5
8 0.5
X__O__OX_
1 0.5
2 0.5
4 0.5
5 0.5
8 0.5
_X_O__OX_
0 0.5
2 0.5
4 0.5
5 0.5
8 0.5
__XO__OX_
0 0.5
1 0.5
4 0.5
5 0.5
8 0.5
OXXO__OX_
4 0.5
5 0.5
8 0.5
XOXO__OX_
4 0.5
5 0.5
8 0.5
XXOO__OX_
4 0.5
5 0.5
8 0.5
O___X_OX_
1 0.5
2 0.5
3 0.5
5 0.5
8 0.5
_O__X_OX_
0 0.5
2 0.5
3 0.5
5 0.5
8 0.5
OOX_X_OX_
3 0.5
5 0.5
8 0.5
__O_X_OX_
0 0.5
1 0.5
3 0.5
5 0.5
8 0.5
OXO_X_OX_
3 0.5
5 0.5
8 0.5
XOO_X_OX_
3 0.5
5 0.5
8 0.5
OO_XX_OX_
2 0.5
5 0.5
8 0.5
O_OXX_OX_
1 0.5
5 0.5
8 0.5
_OOXX_OX_
0 0.5
5 0.5
8 0.5
___OX_OX_
0 0.5
1 0.5
2 0.5
5 0.5
8 0.5
OX_OX_OX_
2 0.5
5 0.5
8 0.5
XO_OX_OX_
2 0.5
5 0.5
8 0.5
O_XOX_OX_
1 0.5
5 0.5
8 0.5
_OXOX_OX_
0 0.5
5 0.5
8 0.5
X_OOX_OX_
1 0.5
5 0.5
8 0.5
_XOOX_OX_
0 0.5
5 0.5
8 0.5
X___O_OX_
1 0.5
2 0.5
3 0.5
5 0.5
8 0.5
_X__O_OX_
0 0.5
2 0.5
3 0.5
5 0.5
8 0.5
__X_O_OX_
0 0.5
1 0.5
3 0.5
5 0.5
8 0.5
OXX_O_OX_
3 0.5
5 0.5
8 0.5
XOX_O_OX_
3 0.5
5 0.5
8 0.5
XXO_O_OX_
3 0.5
5 0.5
8 0.5
___XO_OX_
0 0.5
1 0.5
2 0.5
5 0.5
8 0.5
OX_XO_OX_
2 0.5
5 0.5
8 0.5
XO_XO_OX_
2 0.5
5 0.5
8 0.5
O_XXO_OX_
1 0.5
5 0.5
8 0.5
_OXXO_OX_
0 0.5
5 0.5
8 0.5
X_OXO_OX_
1 0.5
5 0.5
8 0.5
_XOXO_OX_
0 0.5
5 0.5
8 0.5
XX_OO_OX_
2 0.5
5 0.5
8 0.5
X_XOO_OX_
1 0.5
5 0.5
8 0.5
_XXOO_OX_
0 0.5
5 0.5
8 0.5
O____XOX_
1 0.5
2 0.5
3 0.5
4 0.5
8 0.5
_O___XOX_
0 0.5
2 0.5
3 0.5
4 0.5
8 0.5
OOX__XOX_
3 0.5
4 0.5
8 0.5
__O__XOX_
0 0.5
1 0.5
3 0.5
4 0.5
8 0.5
OXO__XOX_
3 0.5
4 0.5
8 0.5
XOO__XOX_
3 0.5
4 0.5
8 0.5
OO_X_XOX_
2 0.5
4 0.5
8 0.5
O_OX_XOX_
1 0.5
4 0.5
8 0.5
_OOX_XOX_
0 0.5
4 0.5
8 0.5
___O_XOX_
0 0.5
1 0.5
2 0.5
4 0.5
8 0.5
OX_O_XOX_
2 0.5
4 0.5
8 0.5
XO_O_XOX_
2 0.5
4 0.5
8 0.5
O_XO_XOX_
1 0.5
4 0.5
8 0.5
_OXO_XOX_
0 0.5
4 0.5
8 0.5
X_OO_XOX_
1 0.5
4 0.5
8 0.5
_XOO_XOX_
0 0.5
4 0.5
8 0.5
OO__XXOX_
2 0.5
3 0.5
8 0.5
O_O_XXOX_
1 0.5
3 0.5
8 0.5
_OO_XXOX_
0 0.5
3 0.5
8 0.5
OOOXXXOX_
8 0.5
O__OXXOX_
1 0.5
2 0.5
8 0.5
_O_OXXOX_
0 0.5
2 0.5
8 0.5
OOXOXXOX_
8 0.5
__OOXXOX_
0 0.5
1 0.5
8 0.5
OXOOXXOX_
8 0.5
XOOOXXOX_
8 0.5
____OXOX_
0 0.5
1 0.5
2 0.5
3 0.5
8 0.5
OX__OXOX_
2 0.5
3 0.5
8 0.5
XO__OXOX_
2 0.5
3 0.5
8 0.5
O_X_OXOX_
1 0.5
3 0.5
8 0.5
_OX_OXOX_
0 0.5
3 0.5
8 0.5
X_O_OXOX_
1 0.5
3 0.5
8 0.5
_XO_OXOX_
0 0.5
3 0.5
8 0.5
O__XOXOX_
1 0.5
2 0.5
8 0.5
_O_XOXOX_
0 0.5
2 0.5
8 0.5
OOXXOXOX_
8 0.5
__OXOXOX_
0 0.5
1 0.5
8 0.5
OXOXOXOX_
8 0.5
XOOXOXOX_
8 0.5
X__OOXOX_
1 0.5
2 0.5
8 0.5
_X_OOXOX_
0 0.5
2 0.5
8 0.5
__XOOXOX_
0 0.5
1 0.5
8 0.5
OXXOOXOX_
8 0.5
XOXOOXOX_
8 0.5
XXOOOXOX_
8 0.5
X____OOX_
1 0.5
2 0.5
3 0.5
4 0.5
8 0.5
_X___OOX_
0 0.5
2 0.5
3 0.5
4 0.5
8 0.5
__X__OOX_
0 0.5
1 0.5
3 0.5
4 0.5
8 0.5
OXX__OOX_
3 0.5
4 0.5
8 0.5
XOX__OOX_
3 0.5
4 0.5
8 0.5
XXO__OOX_
3 0.5
4 0.5
8 0.5
___X_OOX_
0 0.5
1 0.5
2 0.5
4 0.5
8 0.5
OX_X_OOX_
2 0.5
4 0.5
8 0.5
XO_X_OOX_
2 0.5
4 0.5
8 0.5
O_XX_OOX_
1 0.5
4 0.5
8 0.5
_OXX_OOX_
0 0.5
4 0.5
8 0.5
X_OX_OOX_
1 0.5
4 0.5
8 0.5
_XOX_OOX_
0 0.5
4 0.5
8 0.5
XX_O_OOX_
2 0.5
4 0.5
8 0.5
X_XO_OOX_
1 0.5
4 0.5
8 0.5
_XXO_OOX_
0 0.5
4 0.5
8 0.5
____XOOX_
0 0.5
1 0.5
2 0.5
3 0.5
8 0.5
OX__XOOX_
2 0.5
3 0.5
8 0.5
XO__XOOX_
2 0.5
3 0.5
8 0.5
O_X_XOOX_
1 0.5
3 0.5
8 0.5
_OX_XOOX_
0 0.5
3 0.5
8 0.5
X_O_XOOX_
1 0.5
3 0.5
8 0.5
_XO_XOOX_
0 0.5
3 0.5
8 0.5
O__XXOOX_
1 0.5
2 0.5
8 0.5
_O_XXOOX_
0 0.5
2 0.5
8 0.5
OOXXXOOX_
8 0.5
__OXXOOX_
0 0.5
1 0.5
8 0.5
OXOXXOOX_
8 0.5
XOOXXOOX_
8 0.5
X__OXOOX_
1 0.5
2 0.5
8 0.5
_X_OXOOX_
0 0.5
2 0.5
8 0.5
__XOXOOX_
0 0.5
1 0.5
8 0.5
OXXOXOOX_
8 0.5
XOXOXOOX_
8 0.5
XXOOXOOX_
8 0.5
XX__OOOX_
2 0.5
3 0.5
8 0.5
X_X_OOOX_
1 0.5
3 0.5
8 0.5
_XX_OOOX_
0 0.5
3 0.5
8 0.5
X__XOOOX_
1 0.5
2 0.5
8 0.5
_X_XOOOX_
0 0.5
2 0.5
8 0.5
__XXOOOX_
0 0.5
1 0.5
8 0.5
OXXXOOOX_
8 0.5
XOXXOOOX_
8 0.5
XXOXOOOX_
8 0.5
XXXOOOOX_
8 0.5
X______O_
1 0.5
2 0.5
3 0.5
4 0.5
5 0.5
6 0.5
8 0.5
_X_____O_
0 0.5
2 0.5
3 0.5
4 0.5
5 0.5
6 0.5
8 0.5
__X____O_
0 0.5
1 0.5
3 0.5
4 0.5
5 0.5
6 0.5
8 0.5
OXX____O_
3 0.5
4 0.5
5 0.5
6 0.5
8 0.5
XOX____O_
3 0.5
4 0.5
5 0.5
6 0.5
8 0.5
XXO____O_
3 0.5
4 0.5
5 0.5
6 0.5
8 0.5
___X___O_
0 0.5
1 0.5
2 0.5
4 0.5
5 0.5
6 0.5
8 0.5
OX_X___O_
2 0.5
4 0.5
5 0.5
6 0.5
8 0.5
XO_X___O_
2 0.5
4 0.5
5 0.5
6 0.5
8 0.5
O_XX___O_
1 0.5
4 0.5
5 0.5
6 0.5
8 0.5
_OXX___O_
0 0.5
4 0.5
5 0.5
6 0.5
8 0.5
X_OX___O_
1 0.5
4 0.5
5 0.5
6 0.5
8 0.5
_XOX___O_
0 0.5
4 0.5
5 0.5
6 0.5
8 0.5
XX_O___O_
2 0.5
4 0.5
5 0.5
6 0.5
8 0.5
X_XO___O_
1 0.5
4 0.5
5 0.5
6 0.5
8 0.5
_XXO___O_
0 0.5
4 0.5
5 0.5
6 0.5
8 0.5
____X__O_
0 0.5
1 0.5
2 0.5
3 0.5
5 0.5
6 0.5
8 0.5
OX__X__O_
2 0.5
3 0.5
5 0.5
6 0.5
8 0.5
XO__X__O_
2 0.5
3 0.5
5 0.5
6 0.5
8 0.5
O_X_X__O_
1 0.5
3 0.5
5 0.5
6 0.5
8 0.5
_OX_X__O_
0 0.5
3 0.5
5 0.5
6 0.5
8 0.5
X_O_X__O_
1 0.5
3 0.5
5 0.5
6 0.5
8 0.5
_XO_X__O_
0 0.5
3 0.5
5 0.5
6 0.5
8 0.5
O__XX__O_
1 0.5
2 0.5
5 0.5
6 0.5
8 0.5
_O_XX__O_
0 0.5
2 0.5
5 0.5
6 0.5
8 0.5
OOXXX__O_
5 0.5
6 0.5
8 0.5
__OXX__O_
0 0.5
1 0.5
5 0.5
6 0.5
8 0.5
OXOXX__O_
5 0.5
6 0.5
8 0.5
XOOXX__O_
5 0.5
6 0.5
8 0.5
X__OX__O_
1 0.5
2 0.5
5 0.5
6 0.5
8 0.5
_X_OX__O_
0 0.5
2 0.5
5 0.5
6 0.5
8 0.5
__XOX__O_
0 0.5
1 0.5
5 0.5
6 0.5
8 0.5
OXXOX__O_
5 0.5
6 0.5
8 0.5
XOXOX__O_
5 0.5
6 0.5
8 0.5
XXOOX__O_
5 0.5
6 0.5
8 0.5
XX__O__O_
2 0.5
3 0.5
5 0.5
6 0.5
8 0.5
X_X_O__O_
1 0.5
3 0.5
5 0.5
6 0.5
8 0.5
_XX_O__O_
0 0.5
3 0.5
5 0.5
6 0.5
8 0.5
X__XO__O_
1 0.5
2 0.5
5 0.5
6 0.5
8 0.5
_X_XO__O_
0 0.5
2 0.5
5 0.5
6 0.5
8 0.5
__XXO__O_
0 0.5
1 0.5
5 0.5
6 0.5
8 0.5
OXXXO__O_
5 0.5
6 0.5
8 0.5
XOXXO__O_
5 0.5
6 0.5
8 0.5
XXOXO__O_
5 0.5
6 0.5
8 0.5
XXXOO__O_
5 0.5
6 0.5
8 0.5
_____X_O_
0 0.5
1 0.5
2 0.5
3 0.5
4 0.5
6 0.5
8 0.5
OX___X_O_
2 0.5
3 0.5
4 0.5
6 0.5
8 0.5
XO___X_O_
2 0.5
3 0.5
4 0.5
6 0.5
8 0.5
O_X__X_O_
1 0.5
3 0.5
4 0.5
6 0.5
8 0.5
_OX__X_O_
0 0.5
3 0.5
4 0.5
6 0.5
8 0.5
X_O__X_O_
1 0.5
3 0.5
4 0.5
6 0.5
8 0.5
_XO__X_O_
0 0.5
3 0.5
4 0.5
6 0.5
8 0.5
O__X_X_O_
1 0.5
2 0.5
4 0.5
6 0.5
8 0.5
_O_X_X_O_
0 0.5
2 0.5
4 0.5
6 0.5
8 0.5
OOXX_X_O_
4 0.5
6 0.5
8 0.5
__OX_X_O_
0 0.5
1 0.5
4 0.5
6 0.5
8 0.5
OXOX_X_O_
4 0.5
6 0.5
8 0.5
XOOX_X_O_
4 0.5
6 0.5
8 0.5
X__O_X_O_
1 0.5
2 0.5
4 0.5
6 0.5
8 0.5
_X_O_X_O_
0 0.5
2 0.5
4 0.5
6 0.5
8 0.5
__XO_X_O_
0 0.5
1 0.5
4 0.5
6 0.5
8 0.5
OXXO_X_O_
4 0.5
6 0.5
8 0.5
XOXO_X_O_
4 0.5
6 0.5
8 0.5
XXOO_X_O_
4 0.5
6 0.5
8 0.5
O___XX_O_
1 0.5
2 0.5
3 0.5
6 0.5
8 0.5
_O__XX_O_
0 0.5
2 0.5
3 0.5
6 0.5
8 0.5
OOX_XX_O_
3 0.5
6 0.5
8 0.5
__O_XX_O_
0 0.5
1 0.5
3 0.5
6 0.5
8 0.5
OXO_XX_O_
3 0.5
6 0.5
8 0.5
XOO_XX_O_
3 0.5
6 0.5
8 0.5
OO_XXX_O_
2 0.5
6 0.5
8 0.5
O_OXXX_O_
1 0.5
6 0.5
8 0.5
_OOXXX_O_
0 0.5
6 0.5
8 0.5
___OXX_O_
0 0.5
1 0.5
2 0.5
6 0.5
8 0.5
OX_OXX_O_
2 0.5
6 0.5
8 0.5
XO_OXX_O_
2 0.5
6 0.5
8 0.5
O_XOXX_O_
1 0.5
6 0.5
8 0.5
_OXOXX_O_
0 0.5
6 0.5
8 0.5
X_OOXX_O_
1 0.5
6 0.5
8 0.5
_XOOXX_O_
0 0.5
6 0.5
8 0.5
X___OX_O_
1 0.5
2 0.5
3 0.5
6 0.5
8 0.5
_X__OX_O_
0 0.5
2 0.5
3 0.5
6 0.5
8 0.5
__X_OX_O_
0 0.5
1 0.5
3 0.5
6 0.5
8 0.5
OXX_OX_O_
3 0.5
6 0.5
8 0.5
XOX_OX_O_
3 0.5
6 0.5
8 0.5
XXO_OX_O_
3 0.5
6 0.5
8 0.5
___XOX_O_
0 0.5
1 0.5
2 0.5
6 0.5
8 0.5
OX_XOX_O_
2 0.5
6 0.5
8 0.5
XO_XOX_O_
2 0.5
6 0.5
8 0.5
O_XXOX_O_
1 0.5
6 0.5
8 0.5
_OXXOX_O_
0 0.5
6 0.5
8 0.5
X_OXOX_O_
1 0.5
6 0.5
8 0.5
_XOXOX_O_
0 0.5
6 0.5
8 0.5
XX_OOX_O_
2 0.5
6 0.5
8 0.5
X_XOOX_O_
1 0.5
6 0.5
8 0.5
_XXOOX_O_
0 0.5
6 0.5
8 0.5
XX___O_O_
2 0.5
3 0.5
4 0.5
6 0.5
8 0.5
X_X__O_O_
1 0.5
3 0.5
4 0.5
6 0.5
8 0.5
_XX__O_O_
0 0.5
3 0.5
4 0.5
6 0.5
8 0.5
X__X_O_O_
1 0.5
2 0.5
4 0.5
6 0.5
8 0.5
_X_X_O_O_
0 0.5
2 0.5
4 0.5
6 0.5
8 0.5
__XX_O_O_
0 0.5
1 0.5
4 0.5
6 0.5
8 0.5
OXXX_O_O_
4 0.5
6 0.5
8 0.5
XOXX_O_O_
4 0.5
6 0.5
8 0.5
XXOX_O_O_
4 0.5
6 0.5
8 0.5
XXXO_O_O_
4 0.5
6 0.5
8 0.5
X___XO_O_
1 0.5
2 0.5
3 0.5
6 0.5
8 0.5
_X__XO_O_
0 0.5
2 0.5
3 0.5
6 0.5
8 0.5
__X_XO_O_
0 0.5
1 0.5
3 0.5
6 0.5
8 0.5
OXX_XO_O_
3 0.5
6 0.5
8 0.5
XOX_XO_O_
3 0.5
6 0.5
8 0.5
XXO_XO_O_
3 0.5
6 0.5
8 0.5
___XXO_O_
0 0.5
1 0.5
2 0.5
6 0.5
8 0.5
OX_XXO_O_
2 0.5
6 0.5
8 0.5
XO_XXO_O_
2 0.5
6 0.5
8 0.5
O_XXXO_O_
1 0.5
6 0.5
8 0.5
_OXXXO_O_
0 0.5
6 0.5
8 0.5
X_OXXO_O_
1 0.5
6 0.5
8 0.5
_XOXXO_O_
0 0.5
6 0.5
8 0.5
XX_OXO_O_
2 0.5
6 0.5
8 0.5
X_XOXO_O_
1 0.5
6 0.5
8 0.5
_XXOXO_O_
0 0.5
6 0.5
8 0.5
XXX_OO_O_
3 0.5
6 0.5
8 0.5
XX_XOO_O_
2 0.5
6 0.5
8 0.5
X_XXOO_O_
1 0.5
6 0.5
8 0.5
_XXXOO_O_
0 0.5
6 0.5
8 0.5
______XO_
0 0.5
1 0.5
2 0.5
3 0.5
4 0.5
5 0.5
8 0.5
OX____XO_
2 0.5
3 0.5
4 0.5
5 0.5
8 0.5
XO____XO_
2 0.5
3 0.5
4 0.5
5 0.5
8 0.5
O_X___XO_
1 0.5
3 0.5
4 0.5
5 0.5
8 0.5
_OX___XO_
0 0.5
3 0.5
4 0.5
5 0.5
8 0.5
X_O___XO_
1 0.5
3 0.5
4 0.5
5 0.5
8 0.5
_XO___XO_
0 0.5
3 0.5
4 0.5
5 0.5
8 0.5
O__X__XO_
1 0.5
2 0.5
4 0.5
5 0.5
8 0.5
_O_X__XO_
0 0.5
2 0.5
4 0.5
5 0.5
8 0.5
OOXX__XO_
4 0.5
5 0.5
8 0.5
__OX__XO_
0 0.5
1 0.5
4 0.5
5 0.5
8 0.5
OXOX__XO_
4 0.5
5 0.5
8 0.5
XOOX__XO_
4 0.5
5 0.5
8 0.5
X__O__XO_
1 0.5
2 0.5
4 0.5
5 0.5
8 0.5
_X_O__XO_
0 0.5
2 0.5
4 0.5
5 0.5
8 0.5
__XO__XO_
0 0.5
1 0.5
4 0.5
5 0.5
8 0.5
OXXO__XO_
4 0.5
5 0.5
8 0.5
XOXO__XO_
4 0.5
5 0.5
8 0.5
XXOO__XO_
4 0.5
5 0.5
8 0.5
O___X_XO_
1 0.5
2 0.5
3 0.5
5 0.5
8 0.5
_O__X_XO_
0 0.5
2 0.5
3 0.5
5 0.5
8 0.5
OOX_X_XO_
3 0.5
5 0.5
8 0.5
__O_X_XO_
0 0.5
1 0.5
3 0.5
5 0.5
8 0.5
OXO_X_XO_
3 0.5
5 0.5
8 0.5
XOO_X_XO_
3 0.5
5 0.5
8 0.5
OO_XX_XO_
2 0.5
5 0.5
8 0.5
O_OXX_XO_
1 0.5
5 0.5
8 0.5
_OOXX_XO_
0 0.5
5 0.5
8 0.5
___OX_XO_
0 0.5
1 0.5
2 0.5
5 0.5
8 0.5
OX_OX_XO_
2 0.5
5 0.5
8 0.5
XO_OX_XO_
2 0.5
5 0.5
8 0.5
O_XOX_XO_
1 0.5
5 0.5
8 0.5
_OXOX_XO_
0 0.5
5 0.5
8 0.5
X_OOX_XO_
1 0.5
5 0.5
8 0.5
_XOOX_XO_
0 0.5
5 0.5
8 0.5
X___O_XO_
1 0.5
2 0.5
3 0.5
5 0.5
8 0.5
_X__O_XO_
0 0.5
2 0.5
3 0.5
5 0.5
8 0.5
__X_O_XO_
0 0.5
1 0.5
3 0.5
5 0.5
8 0.5
OXX_O_XO_
3 0.5
5 0.5
8 0.5
XOX_O_XO_
3 0.5
5 0.5
8 0.5
XXO_O_XO_
3 0.5
5 0.5
8 0.5
___XO_XO_
0 0.5
1 0.5
2 0.5
5 0.5
8 0.5
OX_XO_XO_
2 0.5
5 0.5
8 0.5
XO_XO_XO_
2 0.5
5 0.5
8 0.5
O_XXO_XO_
1 0.5
5 0.5
8 0.5
_OXXO_XO_
0 0.5
5 0.5
8 0.5
X_OXO_XO_
1 0.5
5 0.5
8 0.5
_XOXO_XO_
0 0.5
5 0.5
8 0.5
XX_OO_XO_
2 0.5
5 0.5
8 0.5
X_XOO_XO_
1 0.5
5 0.5
8 0.5
_XXOO_XO_
0 0.5
5 0.5
8 0.5
O____XXO_
1 0.5
2 0.5
3 0.5
4 0.5
8 0.5
_O___XXO_
0 0.5
2 0.5
3 0.5
4 0.5
8 0.5
OOX__XXO_
3 0.5
4 0.5
8 0.5
__O__XXO_
0 0.5
1 0.5
3 0.5
4 0.5
8 0.5
OXO__XXO_
3 0.5
4 0.5
8 0.5
XOO__XXO_
3 0.5
4 0.5
8 0.5
OO_X_XXO_
2 0.5
4 0.5
8 0.5
O_OX_XXO_
1 0.5
4 0.5
8 0.5
_OOX_XXO_
0 0.5
4 0.5
8 0.5
___O_XXO_
0 0.5
1 0.5
2 0.5
4 0.5
8 0.5
OX_O_XXO_
2 0.5
4 0.5
8 0.5
XO_O_XXO_
2 0.5
4 0.5
8 0.5
O_XO_XXO_
1 0.5
4 0.5
8 0.5
_OXO_XXO_
0 0.5
4 0.5
8 0.5
X_OO_XXO_
1 0.5
4 0.5
8 0.5
_XOO_XXO_
0 0.5
4 0.5
8 0.5
OO__XXXO_
2 0.5
3 0.5
8 0.5
O_O_XXXO_
1 0.5
3 0.5
8 0.5
_OO_XXXO_
0 0.5
3 0.5
8 0.5
OOOXXXXO_
8 0.5
O__OXXXO_
1 0.5
2 0.5
8 0.5
_O_OXXXO_
0 0.5
2 0.5
8 0.5
OOXOXXXO_
8 0.5
__OOXXXO_
0 0.5
1 0.5
8 0.5
OXOOXXXO_
8 0.5
XOOOXXXO_
8 0.5
____OXXO_
0 0.5
1 0.5
2 0.5
3 0.5
8 0.5
OX__OXXO_
2 0.5
3 0.5
8 0.5
XO__OXXO_
2 0.5
3 0.5
8 0.5
O_X_OXXO_
1 0.5
3 0.5
8 0.5
_OX_OXXO_
0 0.5
3 0.5
8 0.5
X_O_OXXO_
1 0.5
3 0.5
8 0.5
_XO_OXXO_
0 0.5
3 0.5
8 0.5
O__XOXXO_
1 0.5
2 0.5
8 0.5
_O_XOXXO_
0 0.5
2 0.5
8 0.5
OOXXOXXO_
8 0.5
__OXOXXO_
0 0.5
1 0.5
8 0.5
OXOXOXXO_
8 0.5
XOOXOXXO_
8 0.5
X__OOXXO_
1 0.5
2 0.5
8 0.5
_X_OOXXO_
0 0.5
2 0.5
8 0.5
__XOOXXO_
0 0.5
1 0.5
8 0.5
OXXOOXXO_
8 0.5
XOXOOXXO_
8 0.5
XXOOOXXO_
8 0.5
X____OXO_
1 0.5
2 0.5
3 0.5
4 0.5
8 0.5
_X___OXO_
0 0.5
2 0.5
3 0.5
4 0.5
8 0.5
__X__OXO_
0 0.5
1 0.5
3 0.5
4 0.5
8 0.5
OXX__OXO_
3 0.5
4 0.5
8 0.5
XOX__OXO_
3 0.5
4 0.5
8 0.5
XXO__OXO_
3 0.5
4 0.5
8 0.5
___X_OXO_
0 0.5
1 0.5
2 0.5
4 0.5
8 0.5
OX_X_OXO_
2 0.5
4 0.5
8 0.5
XO_X_OXO_
2 0.5
4 0.5
8 0.5
O_XX_OXO_
1 0.5
4 0.5
8 0.5
_OXX_OXO_
0 0.5
4 0.5
8 0.5
X_OX_OXO_
1 0.5
4 0.5
8 0.5
_XOX_OXO_
0 0.5
4 0.5
8 0.5
XX_O_OXO_
2 0.5
4 0.5
8 0.5
X_XO_OXO_
1 0.5
4 0.5
8 0.5
_XXO_OXO_
0 0.5
4 0.5
8 0.5
____XOXO_
0 0.5
1 0.5
2 0.5
3 0.5
8 0.5
OX__XOXO_
2 0.5
3 0.5
8 0.5
XO__XOXO_
2 0.5
3 0.5
8 0.5
O_X_XOXO_
1 0.5
3 0.5
8 0.5
_OX_XOXO_
0 0.5
3 0.5
8 0.5
X_O_XOXO_
1 0.5
3 0.5
8 0.5
_XO_XOXO_
0 0.5
3 0.5
8 0.5
O__XXOXO_
1 0.5
2 0.5
8 0.5
_O_XXOXO_
0 0.5
2 0.5
8 0.5
OOXXXOXO_
8 0.5
__OXXOXO_
0 0.5
1 0.5
8 0.5
OXOXXOXO_
8 0.5
XOOXXOXO_
8 0.5
X__OXOXO_
1 0.5
2 0.5
8 0.5
_X_OXOXO_
0 0.5
2 0.5
8 0.5
__XOXOXO_
0 0.5
1 0.5
8 0.5
OXXOXOXO_
8 0.5
XOXOXOXO_
8 0.5
XXOOXOXO_
8 0.5
XX__OOXO_
2 0.5
3 0.5
8 0.5
X_X_OOXO_
1 0.5
3 0.5
8 0.5
_XX_OOXO_
0 0.5
3 0.5
8 0.5
X__XOOXO_
1 0.5
2 0.5
8 0.5
_X_XOOXO_
0 0.5
2 0.5
8 0.5
__XXOOXO_
0 0.5
1 0.5
8 0.5
OXXXOOXO_
8 0.5
XOXXOOXO_
8 0.5
XXOXOOXO_
8 0.5
XXXOOOXO_
8 0.5
XX____OO_
2 0.5
3 0.5
4 0.5
5 0.5
8 0.5
X_X___OO_
1 0.5
3 0.5
4 0.5
5 0.5
8 0.5
_XX___OO_
0 0.5
3 0.5
4 0.5
5 0.5
8 0.5
X__X__OO_
1 0.5
2 0.5
4 0.5
5 0.5
8 0.5
_X_X__OO_
0 0.5
2 0.5
4 0.5
5 0.5
8 0.5
__XX__OO_
0 0.5
1 0.5
4 0.5
5 0.5
8 0.5
OXXX__OO_
4 0.5
5 0.5
8 0.5
XOXX__OO_
4 0.5
5 0.5
8 0.5
XXOX__OO_
4 0.5
5 0.5
8 0.5
XXXO__OO_
4 0.5
5 0.5
8 0.5
X___X_OO_
1 0.5
2 0.5
3 0.5
5 0.5
8 0.5
_X__X_OO_
0 0.5
2 0.5
3 0.5
5 0.5
8 0.5
__X_X_OO_
0 0.5
1 0.5
3 0.5
5 0.5
8 0.5
OXX_X_OO_
3 0.5
5 0.5
8 0.5
XOX_X_OO_
3 0.5
5 0.5
8 0.5
XXO_X_OO_
3 0.5
5 0.5
8 0.5
___XX_OO_
0 0.5
1 0.5
2 0.5
5 0.5
8 0.5
OX_XX_OO_
2 0.5
5 0.5
8 0.5
XO_XX_OO_
2 0.5
5 0.5
8 0.5
O_XXX_OO_
1 0.5
5 0.5
8 0.5
_OXXX_OO_
0 0.5
5 0.5
8 0.5
X_OXX_OO_
1 0.5
5 0.5
8 0.5
_XOXX_OO_
0 0.5
5 0.5
8 0.5
XX_OX_OO_
2 0.5
5 0.5
8 0.5
X_XOX_OO_
1 0.5
5 0.5
8 0.5
_XXOX_OO_
0 0.5
5 0.5
8 0.5
XXX_O_OO_
3 0.5
5 0.5
8 0.5
XX_XO_OO_
2 0.5
5 0.5
8 0.5
X_XXO_OO_
1 0.5
5 0.5
8 0.5
_XXXO_OO_
0 0.5
5 0.5
8 0.5
X____XOO_
1 0.5
2 0.5
3 0.5
4 0.5
8 0.5
_X___XOO_
0 0.5
2 0.5
3 0.5
4 0.5
8 0.5
__X__XOO_
0 0.5
1 0.5
3 0.5
4 0.5
8 0.5
OXX__XOO_
3 0.5
4 0.5
8 0.5
XOX__XOO_
3 0.5
4 0.5
8 0.5
XXO__XOO_
3 0.5
4 0.5
8 0.5
___X_XOO_
0 0.5
1 0.5
2 0.5
4 0.5
8 0.5
OX_X_XOO_
2 0.5
4 0.5
8 0.5
XO_X_XOO_
2 0.5
4 0.5
8 0.5
O_XX_XOO_
1 0.5
4 0.5
8 0.5
_OXX_XOO_
0 0.5
4 0.5
8 0.5
X_OX_XOO_
1 0.5
4 0.5
8 0.5
_XOX_XOO_
0 0.5
4 0.5
8 0.5
XX_O_XOO_
2 0.5
4 0.5
8 0.5
X_XO_XOO_
1 0.5
4 0.5
8 0.5
_XXO_XOO_
0 0.5
4 0.5
8 0.5
____XXOO_
0 0.5
1 0.5
2 0.5
3 0.5
8 0.5
OX__XXOO_
2 0.5
3 0.5
8 0.5
XO__XXOO_
2 0.5
3 0.5
8 0.5
O_X_XXOO_
1 0.5
3 0.5
8 0.5
_OX_XXOO_
0 0.5
3 0.5
8 0.5
X_O_XXOO_
1 0.5
3 0.5
8 0.5
_XO_XXOO_
0 0.5
3 0.5
8 0.5
O__XXXOO_
1 0.5
2 0.5
8 0.5
_O_XXXOO_
0 0.5
2 0.5
8 0.5
OOXXXXOO_
8 0.5
__OXXXOO_
0 0.5
1 0.5
8 0.5
OXOXXXOO_
8 0.5
XOOXXXOO_
8 0.5
X__OXXOO_
1 0.5
2 0.5
8 0.5
_X_OXXOO_
0 0.5
2 0.5
8 0.5
__XOXXOO_
0 0.5
1 0.5
8 0.5
OXXOXXOO_
8 0.5
XOXOXXOO_
8 0.5
XXOOXXOO_
8 0.5
XX__OXOO_
2 0.5
3 0.5
8 0.5
X_X_OXOO_
1 0.5
3 0.5
8 0.5
_XX_OXOO_
0 0.5
3 0.5
8 0.5
X__XOXOO_
1 0.5
2 0.5
8 0.5
_X_XOXOO_
0 0.5
2 0.5
8 0.5
__XXOXOO_
0 0.5
1 0.5
8 0.5
OXXXOXOO_
8 0.5
XOXXOXOO_
8 0.5
XXOXOXOO_
8 0.5
XXXOOXOO_
8 0.5
XXX__OOO_
3 0.5
4 0.5
8 0.5
XX_X_OOO_
2 0.5
4 0.5
8 0.5
X_XX_OOO_
1 0.5
4 0.5
8 0.5
_XXX_OOO_
0 0.5
4 0.5
8 0.5
XX__XOOO_
2 0.5
3 0.5
8 0.5
X_X_XOOO_
1 0.5
3 0.5
8 0.5
_XX_XOOO_
0 0.5
3 0.5
8 0.5
X__XXOOO_
1 0.5
2 0.5
8 0.5
_X_XXOOO_
0 0.5
2 0.5
8 0.5
__XXXOOO_
0 0.5
1 0.5
8 0.5
OXXXXOOO_
8 0.5
XOXXXOOO_
8 0.5
XXOXXOOO_
8 0.5
XXXOXOOO_
8 0.5
XXXXOOOO_
8 0.5
O_______X
1 0.5
2 0.5
3 0.5
4 0.5
5 0.5
6 0.5
7 0.5
_O______X
0 0.5
2 0.5
3 0.5
4 0.5
5 0.5
6 0.5
7 0.5
OOX_____X
3 0.5
4 0.5
5 0.5
6 0.5
7 0.5
__O_____X
0 0.5
1 0.5
3 0.5
4 0.5
5 0.5
6 0.5
7 0.5
OXO_____X
3 0.5
4 0.5
5 0.5
6 0.5
7 0.5
XOO_____X
3 0.5
4 0.5
5 0.5
6 0.5
7 0.5
OO_X____X
2 0.5
4 0.5
5 0.5
6 0.5
7 0.5
O_OX____X
1 0.5
4 0.5
5 0.5
6 0.5
7 0.5
_OOX____X
0 0.5
4 0.5
5 0.5
6 0.5
7 0.5
___O____X
0 0.5
1 0.5
2 0.5
4 0.5
5 0.5
6 0.5
7 0.5
OX_O____X
2 0.5
4 0.5
5 0.5
6 0.5
7 0.5
XO_O____X
2 0.5
4 0.5
5 0.5
6 0.5
7 0.5
O_XO____X
1 0.5
4 0.5
5 0.5
6 0.5
7 0.5
_OXO____X
0 0.5
4 0.5
5 0.5
6 0.5
7 0.5
X_OO____X
1 0.5
4 0.5
5 0.5
6 0.5
7 0.5
_XOO____X
0 0.5
4 0.5
5 0.5
6 0.5
7 0.5
OO__X___X
2 0.5
3 0.5
5 0.5
6 0.5
7 0.5
O_O_X___X
1 0.5
3 0.5
5 0.5
6 0.5
7 0.5
_OO_X___X
0 0.5
3 0.5
5 0.5
6 0.5
7 0.5
OOOXX___X
5 0.5
6 0.5
7 0.5
O__OX___X
1 0.5
2 0.5
5 0.5
6 0.5
7 0.5
_O_OX___X
0 0.5
2 0.5
5 0.5
6 0.5
7 0.5
OOXOX___X
5 0.5
6 0.5
7 0.5
__OOX___X
0 0.5
1 0.5
5 0.5
6 0.5
7 0.5
OXOOX___X
5 0.5
6 0.5
7 0.5
XOOOX___X
5 0.5
6 0.5
7 0.5
____O___X
0 0.5
1 0.5
2 0.5
3 0.5
5 0.5
6 0.5
7 0.5
OX__O___X
2 0.5
3 0.5
5 0.5
6 0.5
7 0.5
XO__O___X
2 0.5
3 0.5
5 0.5
6 0.5
7 0.5
O_X_O___X
1 0.5
3 0.5
5 0.5
6 0.5
7 0.5
_OX_O___X
0 0.5
3 0.5
5 0.5
6 0.5
7 0.5
X_O_O___X
1 0.5
3 0.5
5 0.5
6 0.5
7 0.5
_XO_O___X
0 0.5
3 0.5
5 0.5
6 0.5
7 0.5
O__XO___X
1 0.5
2 0.5
5 0.5
6 0.5
7 0.5
_O_XO___X
0 0.5
2 0.5
5 0.5
6 0.5
7 0.5
OOXXO___X
5 0.5
6 0.5
7 0.5
__OXO___X
0 0.5
1 0.5
5 0.5
6 0.5
7 0.5
OXOXO___X
5 0.5
6 0.5
7 0.5
XOOXO___X
5 0.5
6 0.5
7 0.5
X__OO___X
1 0.5
2 0.5
5 0.5
6 0.5
7 0.5
_X_OO___X
0 0.5
2 0.5
5 0.5
6 0.5
7 0.5
__XOO___X
0 0.5
1 0.5
5 0.5
6 0.5
7 0.5
OXXOO___X
5 0.5
6 0.5
7 0.5
XOXOO___X
5 0.5
6 0.5
7 0.5
XXOOO___X
5 0.5
6 0.5
7 0.5
OO___X__X
2 0.5
3 0.5
4 0.5
6 0.5
7 0.5
O_O__X__X
1 0.5
3 0.5
4 0.5
6 0.5
7 0.5
_OO__X__X
0 0.5
3 0.5
4 0.5
6 0.5
7 0.5
OOOX_X__X
4 0.5
6 0.5
7 0.5
O__O_X__X
1 0.5
2 0.5
4 0.5
6 0.5
7 0.5
_O_O_X__X
0 0.5
2 0.5
4 0.5
6 0.5
7 0.5
OOXO_X__X
4 0.5
6 0.5
7 0.5
__OO_X__X
0 0.5
1 0.5
4 0.5
6 0.5
7 0.5
OXOO_X__X
4 0.5
6 0.5
7 0.5
XOOO_X__X
4 0.5
6 0.5
7 0.5
OOO_XX__X
3 0.5
6 0.5
7 0.5
OO_OXX__X
2 0.5
6 0.5
7 0.5
O_OOXX__X
1 0.5
6 0.5
7 0.5
_OOOXX__X
0 0.5
6 0.5
7 0.5
O___OX__X
1 0.5
2 0.5
3 0.5
6 0.5
7 0.5
_O__OX__X
0 0.5
2 0.5
3 0.5
6 0.5
7 0.5
OOX_OX__X
3 0.5
6 0.5
7 0.5
__O_OX__X
0 0.5
1 0.5
3 0.5
6 0.5
7 0.5
OXO_OX__X
3 0.5
6 0.5
7 0.5
XOO_OX__X
3 0.5
6 0.5
7 0.5
OO_XOX__X
2 0.5
6 0.5
7 0.5
O_OXOX__X
1 0.5
6 0.5
7 0.5
_OOXOX__X
0 0.5
6 0.5
7 0.5
___OOX__X
0 0.5
1 0.5
2 0.5
6 0.5
7 0.5
OX_OOX__X
2 0.5
6 0.5
7 0.5
XO_OOX__X
2 0.5
6 0.5
7 0.5
O_XOOX__X
1 0.5
6 0.5
7 0.5
_OXOOX__X
0 0.5
6 0.5
7 0.5
X_OOOX__X
1 0.5
6 0.5
7 0.5
_XOOOX__X
0 0.5
6 0.5
7 0.5
_____O__X
0 0.5
1 0.5
2 0.5
3 0.5
4 0.5
6 0.5
7 0.5
OX___O__X
2 0.5
3 0.5
4 0.5
6 0.5
7 0.5
XO___O__X
2 0.5
3 0.5
4 0.5
6 0.5
7 0.5
O_X__O__X
1 0.5
3 0.5
4 0.5
6 0.5
7 0.5
_OX__O__X
0 0.5
3 0.5
4 0.5
6 0.5
7 0.5
X_O__O__X
1 0.5
3 0.5
4 0.5
6 0.5
7 0.5
_XO__O__X
0 0.5
3 0.5
4 0.5
6 0.5
7 0.5
O__X_O__X
1 0.5
2 0.5
4 0.5
6 0.5
7 0.5
_O_X_O__X
0 0.5
2 0.5
4 0.5
6 0.5
7 0.5
OOXX_O__X
4 0.5
6 0.5
7 0.5
__OX_O__X
0 0.5
1 0.5
4 0.5
6 0.5
7 0.5
OXOX_O__X
4 0.5
6 0.5
7 0.5
XOOX_O__X
4 0.5
6 0.5
7 0.5
X__O_O__X
1 0.5
2 0.5
4 0.5
6 0.5
7 0.5
_X_O_O__X
0 0.5
2 0.5
4 0.5
6 0.5
7 0.5
__XO_O__X
0 0.5
1 0.5
4 0.5
6 0.5
7 0.5
OXXO_O__X
4 0.5
6 0.5
7 0.5
XOXO_O__X
4 0.5
6 0.5
7 0.5
XXOO_O__X
4 0.5
6 0.5
7 0.5
O___XO__X
1 0.5
2 0.5
3 0.5
6 0.5
7 0.5
_O__XO__X
0 0.5
2 0.5
3 0.5
6 0.5
7 0.5
OOX_XO__X
3 0.5
6 0.5
7 0.5
__O_XO__X
0 0.5
1 0.5
3 0.5
6 0.5
7 0.5
OXO_XO__X
3 0.5
6 0.5
7 0.5
XOO_XO__X
3 0.5
6 0.5
7 0.5
OO_XXO__X
2 0.5
6 0.5
7 0.5
O_OXXO__X
1 0.5
6 0.5
7 0.5
_OOXXO__X
0 0.5
6 0.5
7 0.5
___OXO__X
0 0.5
1 0.5
2 0.5
6 0.5
7 0.5
OX_OXO__X
2 0.5
6 0.5
7 0.5
XO_OXO__X
2 0.5
6 0.5
7 0.5
O_XOXO__X
1 0.5
6 0.5
7 0.5
_OXOXO__X
0 0.5
6 0.5
7 0.5
X_OOXO__X
1 0.5
6 0.5
7 0.5
_XOOXO__X
0 0.5
6 0.5
7 0.5
X___OO__X
1 0.5
2 0.5
3 0.5
6 0.5
7 0.5
_X__OO__X
0 0.5
2 0.5
3 0.5
6 0.5
7 0.5
__X_OO__X
0 0.5
1 0.5
3 0.5
6 0.5
7 0.5
OXX_OO__X
3 0.5
6 0.5
7 0.5
XOX_OO__X
3 0.5
6 0.5
7 0.5
XXO_OO__X
3 0.5
6 0.5
7 0.5
___XOO__X
0 0.5
1 0.5
2 0.5
6 0.5
7 0.5
OX_XOO__X
2 0.5
6 0.5
7 0.5
XO_XOO__X
2 0.5
6 0.5
7 0.5
O_XXOO__X
1 0.5
6 0.5
7 0.5
_OXXOO__X
0 0.5
6 0.5
7 0.5
X_OXOO__X
1 0.5
6 0.5
7 0.5
_XOXOO__X
0 0.5
6 0.5
7 0.5
XX_OOO__X
2 0.5
6 0.5
7 0.5
X_XOOO__X
1 0.5
6 0.5
7 0.5
_XXOOO__X
0 0.5
6 0.5
7 0.5
OO____X_X
2 0.5
3 0.5
4 0.5
5 0.5
7 0.5
O_O___X_X
1 0.5
3 0.5
4 0.5
5 0.5
7 0.5
_OO___X_X
0 0.5
3 0.5
4 0.5
5 0.5
7 0.5
OOOX__X_X
4 0.5
5 0.5
7 0.5
O__O__X_X
1 0.5
2 0.5
4 0.5
5 0.5
7 0.5
_O_O__X_X
0 0.5
2 0.5
4 0.5
5 0.5
7 0.5
OOXO__X_X
4 0.5
5 0.5
7 0.5
__OO__X_X
0 0.5
1 0.5
4 0.5
5 0.5
7 0.5
OXOO__X_X
4 0.5
5 0.5
7 0.5
XOOO__X_X
4 0.5
5 0.5
7 0.5
OOO_X_X_X
3 0.5
5 0.5
7 0.5
OO_OX_X_X
2 0.5
5 0.5
7 0.5
O_OOX_X_X
1 0.5
5 0.5
7 0.5
_OOOX_X_X
0 0.5
5 0.5
7 0.5
O___O_X_X
1 0.5
2 0.5
3 0.5
5 0.5
7 0.5
_O__O_X_X
0 0.5
2 0.5
3 0.5
5 0.5
7 0.5
OOX_O_X_X
3 0.5
5 0.5
7 0.5
__O_O_X_X
0 0.5
1 0.5
3 0.5
5 0.5
7 0.5
OXO_O_X_X
3 0.5
5 0.5
7 0.5
XOO_O_X_X
3 0.5
5 0.5
7 0.5
OO_XO_X_X
2 0.5
5 0.5
7 0.5
O_OXO_X_X
1 0.5
5 0.5
7 0.5
_OOXO_X_X
0 0.5
5 0.5
7 0.5
___OO_X_X
0 0.5
1 0.5
2 0.5
5 0.5
7 0.5
OX_OO_X_X
2 0.5
5 0.5
7 0.5
XO_OO_X_X
2 0.5
5 0.5
7 0.5
O_XOO_X_X
1 0.5
5 0.5
7 0.5
_OXOO_X_X
0 0.5
5 0.5
7 0.5
X_OOO_X_X
1 0.5
5 0.5
7 0.5
_XOOO_X_X
0 0.5
5 0.5
7 0.5
OOO__XX_X
3 0.5
4 0.5
7 0.5
OO_O_XX_X
2 0.5
4 0.5
7 0.5
O_OO_XX_X
1 0.5
4 0.5
7 0.5
_OOO_XX_X
0 0.5
4 0.5
7 0.5
OOOOXXX_X
7 0.5
OO__OXX_X
2 0.5
3 0.5
7 0.5
O_O_OXX_X
1 0.5
3 0.5
7 0.5
_OO_OXX_X
0 0.5
3 0.5
7 0.5
OOOXOXX_X
7 0.5
O__OOXX_X
1 0.5
2 0.5
7 0.5
_O_OOXX_X
0 0.5
2 0.5
7 0.5
OOXOOXX_X
7 0.5
__OOOXX_X
0 0.5
1 0.5
7 0.5
OXOOOXX_X
7 0.5
XOOOOXX_X
7 0.5
O____OX_X
1 0.5
2 0.5
3 0.5
4 0.5
7 0.5
_O___OX_X
0 0.5
2 0.5
3 0.5
4 0.5
7 0.5
OOX__OX_X
3 0.5
4 0.5
7 0.5
__O__OX_X
0 0.5
1 0.5
3 0.5
4 0.5
7 0.5
OXO__OX_X
3 0.5
4 0.5
7 0.5
XOO__OX_X
3 0.5
4 0.5
7 0.5
OO_X_OX_X
2 0.5
4 0.5
7 0.5
O_OX_OX_X
1 0.5
4 0.5
7 0.5
_OOX_OX_X
0 0.5
4 0.5
7 0.5
___O_OX_X
0 0.5
1 0.5
2 0.5
4 0.5
7 0.5
OX_O_OX_X
2 0.5
4 0.5
7 0.5
XO_O_OX_X
2 0.5
4 0.5
7 0.5
O_XO_OX_X
1 0.5
4 0.5
7 0.5
_OXO_OX_X
0 0.5
4 0.5
7 0.5
X_OO_OX_X
1 0.5
4 0.5
7 0.5
_XOO_OX_X
0 0.5
4 0.5
7 0.5
OO__XOX_X
2 0.5
3 0.5
7 0.5
O_O_XOX_X
1 0.5
3 0.5
7 0.5
_OO_XOX_X
0 0.5
3 0.5
7 0.5
OOOXXOX_X
7 0.5
O__OXOX_X
1 0.5
2 0.5
7 0.5
_O_OXOX_X
0 0.5
2 0.5
7 0.5
OOXOXOX_X
7 0.5
__OOXOX_X
0 0.5
1 0.5
7 0.5
OXOOXOX_X
7 0.5
XOOOXOX_X
7 0.5
____OOX_X
0 0.5
1 0.5
2 0.5
3 0.5
7 0.5
OX__OOX_X
2 0.5
3 0.5
7 0.5
XO__OOX_X
2 0.5
3 0.5
7 0.5
O_X_OOX_X
1 0.5
3 0.5
7 0.5
_OX_OOX_X
0 0.5
3 0.5
7 0.5
X_O_OOX_X
1 0.5
3 0.5
7 0.5
_XO_OOX_X
0 0.5
3 0.5
7 0.5
O__XOOX_X
1 0.5
2 0.5
7 0.5
_O_XOOX_X
0 0.5
2 0.5
7 0.5
OOXXOOX_X
7 0.5
__OXOOX_X
0 0.5
1 0.5
7 0.5
OXOXOOX_X
7 0.5
XOOXOOX_X
7 0.5
X__OOOX_X
1 0.5
2 0.5
7 0.5
_X_OOOX_X
0 0.5
2 0.5
7 0.5
__XOOOX_X
0 0.5
1 0.5
7 0.5
OXXOOOX_X
7 0.5
XOXOOOX_X
7 0.5
XXOOOOX_X
7 0.5
______O_X
0 0.5
1 0.5
2 0.5
3 0.5
4 0.5
5 0.5
7 0.5
OX____O_X
2 0.5
3 0.5
4 0.5
5 0.5
7 0.5
XO____O_X
2 0.5
3 0.5
4 0.5
5 0.5
7 0.5
O_X___O_X
1 0.5
3 0.5
4 0.5
5 0.5
7 0.5
_OX___O_X
0 0.5
3 0.5
4 0.5
5 0.5
7 0.5
X_O___O_X
1 0.5
3 0.5
4 0.5
5 0.5
7 0.5
_XO___O_X
0 0.5
3 0.5
4 0.5
5 0.5
7 0.5
O__X__O_X
1 0.5
2 0.5
4 0.5
5 0.5
7 0.5
_O_X__O_X
0 0.5
2 0.5
4 0.5
5 0.5
7 0.5
OOXX__O_X
4 0.5
5 0.5
7 0.5
__OX__O_X
0 0.5
1 0.5
4 0.5
5 0.5
7 0.5
OXOX__O_X
4 0.5
5 0.5
7 0.5
XOOX__O_X
4 0.5
5 0.5
7 0.5
X__O__O_X
1 0.5
2 0.5
4 0.5
5 0.5
7 0.5
_X_O__O_X
0 0.5
2 0.5
4 0.5
5 0.5
7 0.5
__XO__O_X
0 0.5
1 0.5
4 0.5
5 0.5
7 0.5
OXXO__O_X
4 0.5
5 0.5
7 0.5
XOXO__O_X
4 0.5
5 0.5
7 0.5
XXOO__O_X
4 0.5
5 0.5
7 0.5
O___X_O_X
1 0.5
2 0.5
3 0.5
5 0.5
7 0.5
_O__X_O_X
0 0.5
2 0.5
3 0.5
5 0.5
7 0.5
OOX_X_O_X
3 0.5
5 0.5
7 0.5
__O_X_O_X
0 0.5
1 0.5
3 0.5
5 0.5
7 0.5
OXO_X_O_X
3 0.5
5 0.5
7 0.5
XOO_X_O_X
3 0.5
5 0.5
7 0.5
OO_XX_O_X
2 0.5
5 0.5
7 0.5
O_OXX_O_X
1 0.5
5 0.5
7 0.5
_OOXX_O_X
0 0.5
5 0.5
7 0.5
___OX_O_X
0 0.5
1 0.5
2 0.5
5 0.5
7 0.5
OX_OX_O_X
2 0.5
5 0.5
7 0.5
XO_OX_O_X
2 0.5
5 0.5
7 0.5
O_XOX_O_X
1 0.5
5 0.5
7 0.5
_OXOX_O_X
0 0.5
5 0.5
7 0.5
X_OOX_O_X
1 0.5
5 0.5
7 0.5
_XOOX_O_X
0 0.5
5 0.5
7 0.5
X___O_O_X
1 0.5
2 0.5
3 0.5
5 0.5
7 0.5
_X__O_O_X
0 0.5
2 0.5
3 0.5
5 0.5
7 0.5
__X_O_O_X
0 0.5
1 0.5
3 0.5
5 0.5
7 0.5
OXX_O_O_X
3 0.5
5 0.5
7 0.5
XOX_O_O_X
3 0.5
5 0.5
7 0.5
XXO_O_O_X
3 0.5
5 0.5
7 0.5
___XO_O_X
0 0.5
1 0.5
2 0.5
5 0.5
7 0.5
OX_XO_O_X
2 0.5
5 0.5
7 0.5
XO_XO_O_X
2 0.5
5 0.5
7 0.5
O_XXO_O_X
1 0.5
5 0.5
7 0.5
_OXXO_O_X
0 0.5
5 0.5
7 0.5
X_OXO_O_X
1 0.5
5 0.5
7 0.5
_XOXO_O_X
0 0.5
5 0.5
7 0.5
XX_OO_O_X
2 0.5
5 0.5
7 0.5
X_XOO_O_X
1 0.5
5 0.5
7 0.5
_XXOO_O_X
0 0.5
5 0.5
7 0.5
O____XO_X
1 0.5
2 0.5
3 0.5
4 0.5
7 0.5
_O___XO_X
0 0.5
2 0.5
3 0.5
4 0.5
7 0.5
OOX__XO_X
3 0.5
4 0.5
7 0.5
__O__XO_X
0 0.5
1 0.5
3 0.5
4 0.5
7 0.5
OXO__XO_X
3 0.5
4 0.5
7 0.5
XOO__XO_X
3 0.5
4 0.5
7 0.5
OO_X_XO_X
2 0.5
4 0.5
7 0.5
O_OX_XO_X
1 0.5
4 0.5
7 0.5
_OOX_XO_X
0 0.5
4 0.5
7 0.5
___O_XO_X
0 0.5
1 0.5
2 0.5
4 0.5
7 0.5
OX_O_XO_X
2 0.5
4 0.5
7 0.5
XO_O_XO_X
2 0.5
4 0.5
7 0.5
O_XO_XO_X
1 0.5
4 0.5
7 0.5
_OXO_XO_X
0 0.5
4 0.5
7 0.5
X_OO_XO_X
1 0.5
4 0.5
7 0.5
_XOO_XO_X
0 0.5
4 0.5
7 0.5
OO__XXO_X
2 0.5
3 0.5
7 0.5
O_O_XXO_X
1 0.5
3 0.5
7 0.5
_OO_XXO_X
0 0.5
3 0.5
7 0.5
OOOXXXO_X
7 0.5
O__OXXO_X
1 0.5
2 0.5
7 0.5
_O_OXXO_X
0 0.5
2 0.5
7 0.5
OOXOXXO_X
7 0.5
__OOXXO_X
0 0.5
1 0.5
7 0.5
OXOOXXO_X
7 0.5
XOOOXXO_X
7 0.5
____OXO_X
0 0.5
1 0.5
2 0.5
3 0.5
7 0.5
OX__OXO_X
2 0.5
3 0.5
7 0.5
XO__OXO_X
2 0.5
3 0.5
7 0.5
O_X_OXO_X
1 0.5
3 0.5
7 0.5
_OX_OXO_X
0 0.5
3 0.5
7 0.5
X_O_OXO_X
1 0.5
3 0.5
7 0.5
_XO_OXO_X
0 0.5
3 0.5
7 0.5
O__XOXO_X
1 0.5
2 0.5
7 0.5
_O_XOXO_X
0 0.5
2 0.5
7 0.5
OOXXOXO_X
7 0.5
__OXOXO_X
0 0.5
1 0.5
7 0.5
OXOXOXO_X
7 0.5
XOOXOXO_X
7 0.5
X__OOXO_X
1 0.5
2 0.5
7 0.5
_X_OOXO_X
0 0.5
2 0.5
7 0.5
__XOOXO_X
0 0.5
1 0.5
7 0.5
OXXOOXO_X
7 0.5
XOXOOXO_X
7 0.5
XXOOOXO_X
7 0.5
X____OO_X
1 0.5
2 0.5
3 0.5
4 0.5
7 0.5
_X___OO_X
0 0.5
2 0.5
3 0.5
4 0.5
7 0.5
__X__OO_X
0 0.5
1 0.5
3 0.5
4 0.5
7 0.5
OXX__OO_X
3 0.5
4 0.5
7 0.5
XOX__OO_X
3 0.5
4 0.5
7 0.5
XXO__OO_X
3 0.5
4 0.5
7 0.5
___X_OO_X
0 0.5
1 0.5
2 0.5
4 0.5
7 0.5
OX_X_OO_X
2 0.5
4 0.5
7 0.5
XO_X_OO_X
2 0.5
4 0.5
7 0.5
O_XX_OO_X
1 0.5
4 0.5
7 0.5
_OXX_OO_X
0 0.5
4 0.5
7 0.5
X_OX_OO_X
1 0.5
4 0.5
7 0.5
_XOX_OO_X
0 0.5
4 0.5
7 0.5
XX_O_OO_X
2 0.5
4 0.5
7 0.5
X_XO_OO_X
1 0.5
4 0.5
7 0.5
_XXO_OO_X
0 0.5
4 0.5
7 0.5
____XOO_X
0 0.5
1 0.5
2 0.5
3 0.5
7 0.5
OX__XOO_X
2 0.5
3 0.5
7 0.5
XO__XOO_X
2 0.5
3 0.5
7 0.5
O_X_XOO_X
1 0.5
3 0.5
7 0.5
_OX_XOO_X
0 0.5
3 0.5
7 0.5
X_O_XOO_X
1 0.5
3 0.5
7 0.5
_XO_XOO_X
0 0.5
3 0.5
7 0.5
O__XXOO_X
1 0.5
2 0.5
7 0.5
_O_XXOO_X
0 0.5
2 0.5
7 0.5
OOXXXOO_X
7 0.5
__OXXOO_X
0 0.5
1 0.5
7 0.5
OXOXXOO_X
7 0.5
XOOXXOO_X
7 0.5
X__OXOO_X
1 0.5
2 0.5
7 0.5
_X_OXOO_X
0 0.5
2 0.5
7 0.5
__XOXOO_X
0 0.5
1 0.5
7 0.5
OXXOXOO_X
7 0.5
XOXOXOO_X
7 0.5
XXOOXOO_X
7 0.5
XX__OOO_X
2 0.5
3 0.5
7 0.5
X_X_OOO_X
1 0.5
3 0.5
7 0.5
_XX_OOO_X
0 0.5
3 0.5
7 0.5
X__XOOO_X
1 0.5
2 0.5
7 0.5
_X_XOOO_X
0 0.5
2 0.5
7 0.5
__XXOOO_X
0 0.5
1 0.5
7 0.5
OXXXOOO_X
7 0.5
XOXXOOO_X
7 0.5
XXOXOOO_X
7 0.5
XXXOOOO_X
7 0.5
OO_____XX
2 0.5
3 0.5
4 0.5
5 0.5
6 0.5
O_O____XX
1 0.5
3 0.5
4 0.5
5 0.5
6 0.5
_OO____XX
0 0.5
3 0.5
4 0.5
5 0.5
6 0.5
OOOX___XX
4 0.5
5 0.5
6 0.5
O__O___XX
1 0.5
2 0.5
4 0.5
5 0.5
6 0.5
_O_O___XX
0 0.5
2 0.5
4 0.5
5 0.5
6 0.5
OOXO___XX
4 0.5
5 0.5
6 0.5
__OO___XX
0 0.5
1 0.5
4 0.5
5 0.5
6 0.5
OXOO___XX
4 0.5
5 0.5
6 0.5
XOOO___XX
4 0.5
5 0.5
6 0.5
OOO_X__XX
3 0.5
5 0.5
6 0.5
OO_OX__XX
2 0.5
5 0.5
6 0.5
O_OOX__XX
1 0.5
5 0.5
6 0.5
_OOOX__XX
0 0.5
5 0.5
6 0.5
O___O__XX
1 0.5
2 0.5
3 0.5
5 0.5
6 0.5
_O__O__XX
0 0.5
2 0.5
3 0.5
5 0.5
6 0.5
OOX_O__XX
3 0.5
5 0.5
6 0.5
__O_O__XX
0 0.5
1 0.5
3 0.5
5 0.5
6 0.5
OXO_O__XX
3 0.5
5 0.5
6 0.5
XOO_O__XX
3 0.5
5 0.5
6 0.5
OO_XO__XX
2 0.5
5 0.5
6 0.5
O_OXO__XX
1 0.5
5 0.5
6 0.5
_OOXO__XX
0 0.5
5 0.5
6 0.5
___OO__XX
0 0.5
1 0.5
2 0.5
5 0.5
6 0.5
OX_OO__XX
2 0.5
5 0.5
6 0.5
XO_OO__XX
2 0.5
5 0.5
6 0.5
O_XOO__XX
1 0.5
5 0.5
6 0.5
_OXOO__XX
0 0.5
5 0.5
6 0.5
X_OOO__XX
1 0.5
5 0.5
6 0.5
_XOOO__XX
0 0.5
5 0.5
6 0.5
OOO__X_XX
3 0.5
4 0.5
6 0.5
OO_O_X_XX
2 0.5
4 0.5
6 0.5
O_OO_X_XX
1 0.5
4 0.5
6 0.5
_OOO_X_XX
0 0.5
4 0.5
6 0.5
OOOOXX_XX
6 0.5
OO__OX_XX
2 0.5
3 0.5
6 0.5
O_O_OX_XX
1 0.5
3 0.5
6 0.5
_OO_OX_XX
0 0.5
3 0.5
6 0.5
OOOXOX_XX
6 0.5
O__OOX_XX
1 0.5
2 0.5
6 0.5
_O_OOX_XX
0 0.5
2 0.5
6 0.5
OOXOOX_XX
6 0.5
__OOOX_XX
0 0.5
1 0.5
6 0.5
OXOOOX_XX
6 0.5
XOOOOX_XX
6 0.5
O____O_XX
1 0.5
2 0.5
3 0.5
4 0.5
6 0.5
_O___O_XX
0 0.5
2 0.5
3 0.5
4 0.5
6 0.5
OOX__O_XX
3 0.5
4 0.5
6 0.5
__O__O_XX
0 0.5
1 0.5
3 0.5
4 0.5
6 0.5
OXO__O_XX
3 0.5
4 0.5
6 0.5
XOO__O_XX
3 0.5
4 0.5
6 0.5
OO_X_O_XX
2 0.5
4 0.5
6 0.5
O_OX_O_XX
1 0.5
4 0.5
6 0.5
_OOX_O_XX
0 0.5
4 0.5
6 0.5
___O_O_XX
0 0.5
1 0.5
2 0.5
4 0.5
6 0.5
OX_O_O_XX
2 0.5
4 0.5
6 0.5
XO_O_O_XX
2 0.5
4 0.5
6 0.5
O_XO_O_XX
1 0.5
4 0.5
6 0.5
_OXO_O_XX
0 0.5
4 0.5
6 0.5
X_OO_O_XX
1 0.5
4 0.5
6 0.5
_XOO_O_XX
0 0.5
4 0.5
6 0.5
OO__XO_XX
2 0.5
3 0.5
6 0.5
O_O_XO_XX
1 0.5
3 0.5
6 0.5
_OO_XO_XX
0 0.5
3 0.5
6 0.5
OOOXXO_XX
6 0.5
O__OXO_XX
1 0.5
2 0.5
6 0.5
_O_OXO_XX
0 0.5
2 0.5
6 0.5
OOXOXO_XX
6 0.5
__OOXO_XX
0 0.5
1 0.5
6 0.5
OXOOXO_XX
6 0.5
XOOOXO_XX
6 0.5
____OO_XX
0 0.5
1 0.5
2 0.5
3 0.5
6 0.5
OX__OO_XX
2 0.5
3 0.5
6 0.5
XO__OO_XX
2 0.5
3 0.5
6 0.5
O_X_OO_XX
1 0.5
3 0.5
6 0.5
_OX_OO_XX
0 0.5
3 0.5
6 0.5
X_O_OO_XX
1 0.5
3 0.5
6 0.5
_XO_OO_XX
0 0.5
3 0.5
6 0.5
O__XOO_XX
1 0.5
2 0.5
6 0.5
_O_XOO_XX
0 0.5
2 0.5
6 0.5
OOXXOO_XX
6 0.5
__OXOO_XX
0 0.5
1 0.5
6 0.5
OXOXOO_XX
6 0.5
XOOXOO_XX
6 0.5
X__OOO_XX
1 0.5
2 0.5
6 0.5
_X_OOO_XX
0 0.5
2 0.5
6 0.5
__XOOO_XX
0 0.5
1 0.5
6 0.5
OXXOOO_XX
6 0.5
XOXOOO_XX
6 0.5
XXOOOO_XX
6 0.5
OOO___XXX
3 0.5
4 0.5
5 0.5
OO_O__XXX
2 0.5
4 0.5
5 0.5
O_OO__XXX
1 0.5
4 0.5
5 0.5
_OOO__XXX
0 0.5
4 0.5
5 0.5
OOOOX_XXX
5 0.5
OO__O_XXX
2 0.5
3 0.5
5 0.5
O_O_O_XXX
1 0.5
3 0.5
5 0.5
_OO_O_XXX
0 0.5
3 0.5
5 0.5
OOOXO_XXX
5 0.5
O__OO_XXX
1 0.5
2 0.5
5 0.5
_O_OO_XXX
0 0.5
2 0.5
5 0.5
OOXOO_XXX
5 0.5
__OOO_XXX
0 0.5
1 0.5
5 0.5
OXOOO_XXX
5 0.5
XOOOO_XXX
5 0.5
OOOO_XXXX
4 0.5
OOO_OXXXX
3 0.5
OO_OOXXXX
2 0.5
O_OOOXXXX
1 0.5
_OOOOXXXX
0 0.5
OO___OXXX
2 0.5
3 0.5
4 0.5
O_O__OXXX
1 0.5
3 0.5
4 0.5
_OO__OXXX
0 0.5
3 0.5
4 0.5
OOOX_OXXX
4 0.5
O__O_OXXX
1 0.5
2 0.5
4 0.5
_O_O_OXXX
0 0.5
2 0.5
4 0.5
OOXO_OXXX
4 0.5
__OO_OXXX
0 0.5
1 0.5
4 0.5
OXOO_OXXX
4 0.5
XOOO_OXXX
4 0.5
OOO_XOXXX
3 0.5
OO_OXOXXX
2 0.5
O_OOXOXXX
1 0.5
_OOOXOXXX
0 0.5
O___OOXXX
1 0.5
2 0.5
3 0.5
_O__OOXXX
0 0.5
2 0.5
3 0.5
OOX_OOXXX
3 0.5
__O_OOXXX
0 0.5
1 0.5
3 0.5
OXO_OOXXX
3 0.5
XOO_OOXXX
3 0.5
OO_XOOXXX
2 0.5
O_OXOOXXX
1 0.5
_OOXOOXXX
0 0.5
___OOOXXX
0 0.5
1 0.5
2 0.5
OX_OOOXXX
2 0.5
XO_OOOXXX
2 0.5
O_XOOOXXX
1 0.5
_OXOOOXXX
0 0.5
X_OOOOXXX
1 0.5
_XOOOOXXX
0 0.5
O_____OXX
1 0.5
2 0.5
3 0.5
4 0.5
5 0.5
_O____OXX
0 0.5
2 0.5
3 0.5
4 0.5
5 0.5
OOX___OXX
3 0.5
4 0.5
5 0.5
__O___OXX
0 0.5
1 0.5
3 0.5
4 0.5
5 0.5
OXO___OXX
3 0.5
4 0.5
5 0.5
XOO___OXX
3 0.5
4 0.5
5 0.5
OO_X__OXX
2 0.5
4 0.5
5 0.5
O_OX__OXX
1 0.5
4 0.5
5 0.5
_OOX__OXX
0 0.5
4 0.5
5 0.5
___O__OXX
0 0.5
1 0.5
2 0.5
4 0.5
5 0.5
OX_O__OXX
2 0.5
4 0.5
5 0.5
XO_O__OXX
2 0.5
4 0.5
5 0.5
O_XO__OXX
1 0.5
4 0.5
5 0.5
_OXO__OXX
0 0.5
4 0.5
5 0.5
X_OO__OXX
1 0.5
4 0.5
5 0.5
_XOO__OXX
0 0.5
4 0.5
5 0.5
OO__X_OXX
2 0.5
3 0.5
5 0.5
O_O_X_OXX
1 0.5
3 0.5
5 0.5
_OO_X_OXX
0 0.5
3 0.5
5 0.5
OOOXX_OXX
5 0.5
O__OX_OXX
1 0.5
2 0.5
5 0.5
_O_OX_OXX
0 0.5
2 0.5
5 0.5
OOXOX_OXX
5 0.5
__OOX_OXX
0 0.5
1 0.5
5 0.5
OXOOX_OXX
5 0.5
XOOOX_OXX
5 0.5
____O_OXX
0 0.5
1 0.5
2 0.5
3 0.5
5 0.5
OX__O_OXX
2 0.5
3 0.5
5 0.5
XO__O_OXX
2 0.5
3 0.5
5 0.5
O_X_O_OXX
1 0.5
3 0.5
5 0.5
_OX_O_OXX
0 0.5
3 0.5
5 0.5
X_O_O_OXX
1 0.5
3 0.5
5 0.5
_XO_O_OXX
0 0.5
3 0.5
5 0.5
O__XO_OXX
1 0.5
2 0.5
5 0.5
_O_XO_OXX
0 0.5
2 0.5
5 0.5
OOXXO_OXX
5 0.5
__OXO_OXX
0 0.5
1 0.5
5 0.5
OXOXO_OXX
5 0.5
XOOXO_OXX
5 0.5
X__OO_OXX
1 0.5
2 0.5
5 0.5
_X_OO_OXX
0 0.5
2 0.5
5 0.5
__XOO_OXX
0 0.5
1 0.5
5 0.5
OXXOO_OXX
5 0.5
XOXOO_OXX
5 0.5
XXOOO_OXX
5 0.5
OO___XOXX
2 0.5
3 0.5
4 0.5
O_O__XOXX
1 0.5
3 0.5
4 0.5
_OO__XOXX
0 0.5
3 0.5
4 0.5
OOOX_XOXX
4 0.5
O__O_XOXX
1 0.5
2 0.5
4 0.5
_O_O_XOXX
0 0.5
2 0.5
4 0.5
OOXO_XOXX
4 0.5
__OO_XOXX
0 0.5
1 0.5
4 0.5
OXOO_XOXX
4 0.5
XOOO_XOXX
4 0.5
OOO_XXOXX
3 0.5
OO_OXXOXX
2 0.5
O_OOXXOXX
1 0.5
_OOOXXOXX
0 0.5
O___OXOXX
1 0.5
2 0.5
3 0.5
_O__OXOXX
0 0.5
2 0.5
3 0.5
OOX_OXOXX
3 0.5
__O_OXOXX
0 0.5
1 0.5
3 0.5
OXO_OXOXX
3 0.5
XOO_OXOXX
3 0.5
OO_XOXOXX
2 0.5
O_OXOXOXX
1 0.5
_OOXOXOXX
0 0.5
___OOXOXX
0 0.5
1 0.5
2 0.5
OX_OOXOXX
2 0.5
XO_OOXOXX
2 0.5
O_XOOXOXX
1 0.5
_OXOOXOXX
0 0.5
X_OOOXOXX
1 0.5
_XOOOXOXX
0 0.5
_____OOXX
0 0.5
1 0.5
2 0.5
3 0.5
4 0.5
OX___OOXX
2 0.5
3 0.5
4 0.5
XO___OOXX
2 0.5
3 0.5
4 0.5
O_X__OOXX
1 0.5
3 0.5
4 0.5
_OX__OOXX
0 0.5
3 0.5
4 0.5
X_O__OOXX
1 0.5
3 0.5
4 0.5
_XO__OOXX
0 0.5
3 0.5
4 0.5
O__X_OOXX
1 0.5
2 0.5
4 0.5
_O_X_OOXX
0 0.5
2 0.5
4 0.5
OOXX_OOXX
4 0.5
__OX_OOXX
0 0.5
1 0.5
4 0.5
OXOX_OOXX
4 0.5
XOOX_OOXX
4 0.5
X__O_OOXX
1 0.5
2 0.5
4 0.5
_X_O_OOXX
0 0.5
2 0.5
4 0.5
__XO_OOXX
0 0.5
1 0.5
4 0.5
OXXO_OOXX
4 0.5
XOXO_OOXX
4 0.5
XXOO_OOXX
4 0.5
O___XOOXX
1 0.5
2 0.5
3 0.5
_O__XOOXX
0 0.5
2 0.5
3 0.5
OOX_XOOXX
3 0.5
__O_XOOXX
0 0.5
1 0.5
3 0.5
OXO_XOOXX
3 0.5
XOO_XOOXX
3 0.5
OO_XXOOXX
2 0.5
O_OXXOOXX
1 0.5
_OOXXOOXX
0 0.5
___OXOOXX
0 0.5
1 0.5
2 0.5
OX_OXOOXX
2 0.5
XO_OXOOXX
2 0.5
O_XOXOOXX
1 0.5
_OXOXOOXX
0 0.5
X_OOXOOXX
1 0.5
_XOOXOOXX
0 0.5
X___OOOXX
1 0.5
2 0.5
3 0.5
_X__OOOXX
0 0.5
2 0.5
3 0.5
__X_OOOXX
0 0.5
1 0.5
3 0.5
OXX_OOOXX
3 0.5
XOX_OOOXX
3 0.5
XXO_OOOXX
3 0.5
___XOOOXX
0 0.5
1 0.5
2 0.5
OX_XOOOXX
2 0.5
XO_XOOOXX
2 0.5
O_XXOOOXX
1 0.5
_OXXOOOXX
0 0.5
X_OXOOOXX
1 0.5
_XOXOOOXX
0 0.5
XX_OOOOXX
2 0.5
X_XOOOOXX
1 0.5
_XXOOOOXX
0 0.5
_______OX
0 0.5
1 0.5
2 0.5
3 0.5
4 0.5
5 0.5
6 0.5
OX_____OX
2 0.5
3 0.5
4 0.5
5 0.5
6 0.5
XO_____OX
2 0.5
3 0.5
4 0.5
5 0.5
6 0.5
O_X____OX
1 0.5
3 0.5
4 0.5
5 0.5
6 0.5
_OX____OX
0 0.5
3 0.5
4 0.5
5 0.5
6 0.5
X_O____OX
1 0.5
3 0.5
4 0.5
5 0.5
6 0.5
_XO____OX
0 0.5
3 0.5
4 0.5
5 0.5
6 0.5
O__X___OX
1 0.5
2 0.5
4 0.5
5 0.5
6 0.5
_O_X___OX
0 0.5
2 0.5
4 0.5
5 0.5
6 0.5
OOXX___OX
4 0.5
5 0.5
6 0.5
__OX___OX
0 0.5
1 0.5
4 0.5
5 0.5
6 0.5
OXOX___OX
4 0.5
5 0.5
6 0.5
XOOX___OX
4 0.5
5 0.5
6 0.5
X__O___OX
1 0.5
2 0.5
4 0.5
5 0.5
6 0.5
_X_O___OX
0 0.5
2 0.5
4 0.5
5 0.5
6 0.5
__XO___OX
0 0.5
1 0.5
4 0.5
5 0.5
6 0.5
OXXO___OX
4 0.5
5 0.5
6 0.5
XOXO___OX
4 0.5
5 0.5
6 0.5
XXOO___OX
4 0.5
5 0.5
6 0.5
O___X__OX
1 0.5
2 0.5
3 0.5
5 0.5
6 0.5
_O__X__OX
0 0.5
2 0.5
3 0.5
5 0.5
6 0.5
OOX_X__OX
3 0.5
5 0.5
6 0.5
__O_X__OX
0 0.5
1 0.5
3 0.5
5 0.5
6 0.5
OXO_X__OX
3 0.5
5 0.5
6 0.5
XOO_X__OX
3 0.5
5 0.5
6 0.5
OO_XX__OX
2 0.5
5 0.5
6 0.5
O_OXX__OX
1 0.5
5 0.5
6 0.5
_OOXX__OX
0 0.5
5 0.5
6 0.5
___OX__OX
0 0.5
1 0.5
2 0.5
5 0.5
6 0.5
OX_OX__OX
2 0.5
5 0.5
6 0.5
XO_OX__OX
2 0.5
5 0.5
6 0.5
O_XOX__OX
1 0.5
5 0.5
6 0.5
_OXOX__OX
0 0.5
5 0.5
6 0.5
X_OOX__OX
1 0.5
5 0.5
6 0.5
_XOOX__OX
0 0.5
5 0.5
6 0.5
X___O__OX
1 0.5
2 0.5
3 0.5
5 0.5
6 0.5
_X__O__OX
0 0.5
2 0.5
3 0.5
5 0.5
6 0.5
__X_O__OX
0 0.5
1 0.5
3 0.5
5 0.5
6 0.5
OXX_O__OX
3 0.5
5 0.5
6 0.5
XOX_O__OX
3 0.5
5 0.5
6 0.5
XXO_O__OX
3 0.5
5 0.5
6 0.5
___XO__OX
0 0.5
1 0.5
2 0.5
5 0.5
6 0.5
OX_XO__OX
2 0.5
5 0.5
6 0.5
XO_XO__OX
2 0.5
5 0.5
6 0.5
O_XXO__OX
1 0.5
5 0.5
6 0.5
_OXXO__OX
0 0.5
5 0.5
6 0.5
X_OXO__OX
1 0.5
5 0.5
6 0.5
_XOXO__OX
0 0.5
5 0.5
6 0.5
XX_OO__OX
2 0.5
5 0.5
6 0.5
X_XOO__OX
1 0.5
5 0.5
6 0.5
_XXOO__OX
0 0.5
5 0.5
6 0.5
O____X_OX
1 0.5
2 0.5
3 0.5
4 0.5
6 0.5
_O___X_OX
0 0.5
2 0.5
3 0.5
4 0.5
6 0.5
OOX__X_OX
3 0.5
4 0.5
6 0.5
__O__X_OX
0 0.5
1 0.5
3 0.5
4 0.5
6 0.5
OXO__X_OX
3 0.5
4 0.5
6 0.5
XOO__X_OX
3 0.5
4 0.5
6 0.5
OO_X_X_OX
2 0.5
4 0.5
6 0.5
O_OX_X_OX
1 0.5
4 0.5
6 0.5
_OOX_X_OX
0 0.5
4 0.5
6 0.5
___O_X_OX
0 0.5
1 0.5
2 0.5
4 0.5
6 0.5
OX_O_X_OX
2 0.5
4 0.5
6 0.5
XO_O_X_OX
2 0.5
4 0.5
6 0.5
O_XO_X_OX
1 0.5
4 0.5
6 0.5
_OXO_X_OX
0 0.5
4 0.5
6 0.5
X_OO_X_OX
1 0.5
4 0.5
6 0.5
_XOO_X_OX
0 0.5
4 0.5
6 0.5
OO__XX_OX
2 0.5
3 0.5
6 0.5
O_O_XX_OX
1 0.5
3 0.5
6 0.5
_OO_XX_OX
0 0.5
3 0.5
6 0.5
OOOXXX_OX
6 0.5
O__OXX_OX
1 0.5
2 0.5
6 0.5
_O_OXX_OX
0 0.5
2 0.5
6 0.5
OOXOXX_OX
6 0.5
__OOXX_OX
0 0.5
1 0.5
6 0.5
OXOOXX_OX
6 0.5
XOOOXX_OX
6 0.5
____OX_OX
0 0.5
1 0.5
2 0.5
3 0.5
6 0.5
OX__OX_OX
2 0.5
3 0.5
6 0.5
XO__OX_OX
2 0.5
3 0.5
6 0.5
O_X_OX_OX
1 0.5
3 0.5
6 0.5
_OX_OX_OX
0 0.5
3 0.5
6 0.5
X_O_OX_OX
1 0.5
3 0.5
6 0.5
_XO_OX_OX
0 0.5
3 0.5
6 0.5
O__XOX_OX
1 0.5
2 0.5
6 0.5
_O_XOX_OX
0 0.5
2 0.5
6 0.5
OOXXOX_OX
6 0.5
__OXOX_OX
0 0.5
1 0.5
6 0.5
OXOXOX_OX
6 0.5
XOOXOX_OX
6 0.5
X__OOX_OX
1 0.5
2 0.5
6 0.5
_X_OOX_OX
0 0.5
2 0.5
6 0.5
__XOOX_OX
0 0.5
1 0.5
6 0.5
OXXOOX_OX
6 0.5
XOXOOX_OX
6 0.5
XXOOOX_OX
6 0.5
X____O_OX
1 0.5
2 0.5
3 0.5
4 0.5
6 0.5
_X___O_OX
0 0.5
2 0.5
3 0.5
4 0.5
6 0.5
__X__O_OX
0 0.5
1 0.5
3 0.5
4 0.5
6 0.5
OXX__O_OX
3 0.5
4 0.5
6 0.5
XOX__O_OX
3 0.5
4 0.5
6 0.5
XXO__O_OX
3 0.5
4 0.5
6 0.5
___X_O_OX
0 0.5
1 0.5
2 0.5
4 0.5
6 0.5
OX_X_O_OX
2 0.5
4 0.5
6 0.5
XO_X_O_OX
2 0.5
4 0.5
6 0.5
O_XX_O_OX
1 0.5
4 0.5
6 0.5
_OXX_O_OX
0 0.5
4 0.5
6 0.5
X_OX_O_OX
1 0.5
4 0.5
6 0.5
_XOX_O_OX
0 0.5
4 0.5
6 0.5
XX_O_O_OX
2 0.5
4 0.5
6 0.5
X_XO_O_OX
1 0.5
4 0.5
6 0.5
_XXO_O_OX
0 0.5
4 0.5
6 0.5
____XO_OX
0 0.5
1 0.5
2 0.5
3 0.5
6 0.5
OX__XO_OX
2 0.5
3 0.5
6 0.5
XO__XO_OX
2 0.5
3 0.5
6 0.5
O_X_XO_OX
1 0.5
3 0.5
6 0.5
_OX_XO_OX
0 0.5
3 0.5
6 0.5
X_O_XO_OX
1 0.5
3 0.5
6 0.5
_XO_XO_OX
0 0.5
3 0.5
6 0.5
O__XXO_OX
1 0.5
2 0.5
6 0.5
_O_XXO_OX
0 0.5
2 0.5
6 0.5
OOXXXO_OX
6 0.5
__OXXO_OX
0 0.5
1 0.5
6 0.5
OXOXXO_OX
6 0.5
XOOXXO_OX
6 0.5
X__OXO_OX
1 0.5
2 0.5
6 0.5
_X_OXO_OX
0 0.5
2 0.5
6 0.5
__XOXO_OX
0 0.5
1 0.5
6 0.5
OXXOXO_OX
6 0.5
XOXOXO_OX
6 0.5
XXOOXO_OX
6 0.5
XX__OO_OX
2 0.5
3 0.5
6 0.5
X_X_OO_OX
1 0.5
3 0.5
6 0.5
_XX_OO_OX
0 0.5
3 0.5
6 0.5
X__XOO_OX
1 0.5
2 0.5
6 0.5
_X_XOO_OX
0 0.5
2 0.5
6 0.5
__XXOO_OX
0 0.5
1 0.5
6 0.5
OXXXOO_OX
6 0.5
XOXXOO_OX
6 0.5
XXOXOO_OX
6 0.5
XXXOOO_OX
6 0.5
O_____XOX
1 0.5
2 0.5
3 0.5
4 0.5
5 0.5
_O____XOX
0 0.5
2 0.5
3 0.5
4 0.5
5 0.5
OOX___XOX
3 0.5
4 0.5
5 0.5
__O___XOX
0 0.5
1 0.5
3 0.5
4 0.5
5 0.5
OXO___XOX
3 0.5
4 0.5
5 0.5
XOO___XOX
3 0.5
4 0.5
5 0.5
OO_X__XOX
2 0.5
4 0.5
5 0.5
O_OX__XOX
1 0.5
4 0.5
5 0.5
_OOX__XOX
0 0.5
4 0.5
5 0.5
___O__XOX
0 0.5
1 0.5
2 0.5
4 0.5
5 0.5
OX_O__XOX
2 0.5
4 0.5
5 0.5
XO_O__XOX
2 0.5
4 0.5
5 0.5
O_XO__XOX
1 0.5
4 0.5
5 0.5
_OXO__XOX
0 0.5
4 0.5
5 0.5
X_OO__XOX
1 0.5
4 0.5
5 0.5
_XOO__XOX
0 0.5
4 0.5
5 0.5
OO__X_XOX
2 0.5
3 0.5
5 0.5
O_O_X_XOX
1 0.5
3 0.5
5 0.5
_OO_X_XOX
0 0.5
3 0.5
5 0.5
OOOXX_XOX
5 0.5
O__OX_XOX
1 0.5
2 0.5
5 0.5
_O_OX_XOX
0 0.5
2 0.5
5 0.5
OOXOX_XOX
5 0.5
__OOX_XOX
0 0.5
1 0.5
5 0.5
OXOOX_XOX
5 0.5
XOOOX_XOX
5 0.5
____O_XOX
0 0.5
1 0.5
2 0.5
3 0.5
5 0.5
OX__O_XOX
2 0.5
3 0.5
5 0.5
XO__O_XOX
2 0.5
3 0.5
5 0.5
O_X_O_XOX
1 0.5
3 0.5
5 0.5
_OX_O_XOX
0 0.5
3 0.5
5 0.5
X_O_O_XOX
1 0.5
3 0.5
5 0.5
_XO_O_XOX
0 0.5
3 0.5
5 0.5
O__XO_XOX
1 0.5
2 0.5
5 0.5
_O_XO_XOX
0 0.5
2 0.5
5 0.5
OOXXO_XOX
5 0.5
__OXO_XOX
0 0.5
1 0.5
5 0.5
OXOXO_XOX
5 0.5
XOOXO_XOX
5 0.5
X__OO_XOX
1 0.5
2 0.5
5 0.5
_X_OO_XOX
0 0.5
2 0.5
5 0.5
__XOO_XOX
0 0.5
1 0.5
5 0.5
OXXOO_XOX
5 0.5
XOXOO_XOX
5 0.5
XXOOO_XOX
5 0.5
OO___XXOX
2 0.5
3 0.5
4 0.5
O_O__XXOX
1 0.5
3 0.5
4 0.5
_OO__XXOX
0 0.5
3 0.5
4 0.5
OOOX_XXOX
4 0.5
O__O_XXOX
1 0.5
2 0.5
4 0.5
_O_O_XXOX
0 0.5
2 0.5
4 0.5
OOXO_XXOX
4 0.5
__OO_XXOX
0 0.5
1 0.5
4 0.5
OXOO_XXOX
4 0.5
XOOO_XXOX
4 0.5
OOO_XXXOX
3 0.5
OO_OXXXOX
2 0.5
O_OOXXXOX
1 0.5
_OOOXXXOX
0 0.5
O___OXXOX
1 0.5
2 0.5
3 0.5
_O__OXXOX
0 0.5
2 0.5
3 0.5
OOX_OXXOX
3 0.5
__O_OXXOX
0 0.5
1 0.5
3 0.5
OXO_OXXOX
3 0.5
XOO_OXXOX
3 0.5
OO_XOXXOX
2 0.5
O_OXOXXOX
1 0.5
_OOXOXXOX
0 0.5
___OOXXOX
0 0.5
1 0.5
2 0.5
OX_OOXXOX
2 0.5
XO_OOXXOX
2 0.5
O_XOOXXOX
1 0.5
_OXOOXXOX
0 0.5
X_OOOXXOX
1 0.5
_XOOOXXOX
0 0.5
_____OXOX
0 0.5
1 0.5
2 0.5
3 0.5
4 0.5
OX___OXOX
2 0.5
3 0.5
4 0.5
XO___OXOX
2 0.5
3 0.5
4 0.5
O_X__OXOX
1 0.5
3 0.5
4 0.5
_OX__OXOX
0 0.5
3 0.5
4 0.5
X_O__OXOX
1 0.5
3 0.5
4 0.5
_XO__OXOX
0 0.5
3 0.5
4 0.5
O__X_OXOX
1 0.5
2 0.5
4 0.5
_O_X_OXOX
0 0.5
2 0.5
4 0.5
OOXX_OXOX
4 0.5
__OX_OXOX
0 0.5
1 0.5
4 0.5
OXOX_OXOX
4 0.5
XOOX_OXOX
4 0.5
X__O_OXOX
1 0.5
2 0.5
4 0.5
_X_O_OXOX
0 0.5
2 0.5
4 0.5
__XO_OXOX
0 0.5
1 0.5
4 0.5
OXXO_OXOX
4 0.5
XOXO_OXOX
4 0.5
XXOO_OXOX
4 0.5
O___XOXOX
1 0.5
2 0.5
3 0.5
_O__XOXOX
0 0.5
2 0.5
3 0.5
OOX_XOXOX
3 0.5
__O_XOXOX
0 0.5
1 0.5
3 0.5
OXO_XOXOX
3 0.5
XOO_XOXOX
3 0.5
OO_XXOXOX
2 0.5
O_OXXOXOX
1 0.5
_OOXXOXOX
0 0.5
___OXOXOX
0 0.5
1 0.5
2 0.5
OX_OXOXOX
2 0.5
XO_OXOXOX
2 0.5
O_XOXOXOX
1 0.5
_OXOXOXOX
0 0.5
X_OOXOXOX
1 0.5
_XOOXOXOX
0 0.5
X___OOXOX
1 0.5
2 0.5
3 0.5
_X__OOXOX
0 0.5
2 0.5
3 0.5
__X_OOXOX
0 0.5
1 0.5
3 0.5
OXX_OOXOX
3 0.5
XOX_OOXOX
3 0.5
XXO_OOXOX
3 0.5
___XOOXOX
0 0.5
1 0.5
2 0.5
OX_XOOXOX
2 0.5
XO_XOOXOX
2 0.5
O_XXOOXOX
1 0.5
_OXXOOXOX
0 0.5
X_OXOOXOX
1 0.5
_XOXOOXOX
0 0.5
XX_OOOXOX
2 0.5
X_XOOOXOX
1 0.5
_XXOOOXOX
0 0.5
X_____OOX
1 0.5
2 0.5
3 0.5
4 0.5
5 0.5
_X____OOX
0 0.5
2 0.5
3 0.5
4 0.5
5 0.5
__X___OOX
0 0.5
1 0.5
3 0.5
4 0.5
5 0.5
OXX___OOX
3 0.5
4 0.5
5 0.5
XOX___OOX
3 0.5
4 0.5
5 0.5
XXO___OOX
3 0.5
4 0.5
5 0.5
___X__OOX
0 0.5
1 0.5
2 0.5
4 0.5
5 0.5
OX_X__OOX
2 0.5
4 0.5
5 0.5
XO_X__OOX
2 0.5
4 0.5
5 0.5
O_XX__OOX
1 0.5
4 0.5
5 0.5
_OXX__OOX
0 0.5
4 0.5
5 0.5
X_OX__OOX
1 0.5
4 0.5
5 0.5
_XOX__OOX
0 0.5
4 0.5
5 0.5
XX_O__OOX
2 0.5
4 0.5
5 0.5
X_XO__OOX
1 0.5
4 0.5
5 0.5
_XXO__OOX
0 0.5
4 0.5
5 0.5
____X_OOX
0 0.5
1 0.5
2 0.5
3 0.5
5 0.5
OX__X_OOX
2 0.5
3 0.5
5 0.5
XO__X_OOX
2 0.5
3 0.5
5 0.5
O_X_X_OOX
1 0.5
3 0.5
5 0.5
_OX_X_OOX
0 0.5
3 0.5
5 0.5
X_O_X_OOX
1 0.5
3 0.5
5 0.5
_XO_X_OOX
0 0.5
3 0.5
5 0.5
O__XX_OOX
1 0.5
2 0.5
5 0.5
_O_XX_OOX
0 0.5
2 0.5
5 0.5
OOXXX_OOX
5 0.5
__OXX_OOX
0 0.5
1 0.5
5 0.5
OXOXX_OOX
5 0.5
XOOXX_OOX
5 0.5
X__OX_OOX
1 0.5
2 0.5
5 0.5
_X_OX_OOX
0 0.5
2 0.5
5 0.5
__XOX_OOX
0 0.5
1 0.5
5 0.5
OXXOX_OOX
5 0.5
XOXOX_OOX
5 0.5
XXOOX_OOX
5 0.5
XX__O_OOX
2 0.5
3 0.5
5 0.5
X_X_O_OOX
1 0.5
3 0.5
5 0.5
_XX_O_OOX
0 0.5
3 0.5
5 0.5
X__XO_OOX
1 0.5
2 0.5
5 0.5
_X_XO_OOX
0 0.5
2 0.5
5 0.5
__XXO_OOX
0 0.5
1 0.5
5 0.5
OXXXO_OOX
5 0.5
XOXXO_OOX
5 0.5
XXOXO_OOX
5 0.5
XXXOO_OOX
5 0.5
_____XOOX
0 0.5
1 0.5
2 0.5
3 0.5
4 0.5
OX___XOOX
2 0.5
3 0.5
4 0.5
XO___XOOX
2 0.5
3 0.5
4 0.5
O_X__XOOX
1 0.5
3 0.5
4 0.5
_OX__XOOX
0 0.5
3 0.5
4 0.5
X_O__XOOX
1 0.5
3 0.5
4 0.5
_XO__XOOX
0 0.5
3 0.5
4 0.5
O__X_XOOX
1 0.5
2 0.5
4 0.5
_O_X_XOOX
0 0.5
2 0.5
4 0.5
OOXX_XOOX
4 0.5
__OX_XOOX
0 0.5
1 0.5
4 0.5
OXOX_XOOX
4 0.5
XOOX_XOOX
4 0.5
X__O_XOOX
1 0.5
2 0.5
4 0.5
_X_O_XOOX
0 0.5
2 0.5
4 0.5
__XO_XOOX
0 0.5
1 0.5
4 0.5
OXXO_XOOX
4 0.5
XOXO_XOOX
4 0.5
XXOO_XOOX
4 0.5
O___XXOOX
1 0.5
2 0.5
3 0.5
_O__XXOOX
0 0.5
2 0.5
3 0.5
OOX_XXOOX
3 0.5
__O_XXOOX
0 0.5
1 0.5
3 0.5
OXO_XXOOX
3 0.5
XOO_XXOOX
3 0.5
OO_XXXOOX
2 0.5
O_OXXXOOX
1 0.5
_OOXXXOOX
0 0.5
___OXXOOX
0 0.5
1 0.5
2 0.5
OX_OXXOOX
2 0.5
XO_OXXOOX
2 0.5
O_XOXXOOX
1 0.5
_OXOXXOOX
0 0.5
X_OOXXOOX
1 0.5
_XOOXXOOX
0 0.5
X___OXOOX
1 0.5
2 0.5
3 0.5
_X__OXOOX
0 0.5
2 0.5
3 0.5
__X_OXOOX
0 0.5
1 0.5
3 0.5
OXX_OXOOX
3 0.5
XOX_OXOOX
3 0.5
XXO_OXOOX
3 0.5
___XOXOOX
0 0.5
1 0.5
2 0.5
OX_XOXOOX
2 0.5
XO_XOXOOX
2 0.5
O_XXOXOOX
1 0.5
_OXXOXOOX
0 0.5
X_OXOXOOX
1 0.5
_XOXOXOOX
0 0.5
XX_OOXOOX
2 0.5
X_XOOXOOX
1 0.5
_XXOOXOOX
0 0.5
XX___OOOX
2 0.5
3 0.5
4 0.5
X_X__OOOX
1 0.5
3 0.5
4 0.5
_XX__OOOX
0 0.5
3 0.5
4 0.5
X__X_OOOX
1 0.5
2 0.5
4 0.5
_X_X_OOOX
0 0.5
2 0.5
4 0.5
__XX_OOOX
0 0.5
1 0.5
4 0.5
OXXX_OOOX
4 0.5
XOXX_OOOX
4 0.5
XXOX_OOOX
4 0.5
XXXO_OOOX
4 0.5
X___XOOOX
1 0.5
2 0.5
3 0.5
_X__XOOOX
0 0.5
2 0.5
3 0.5
__X_XOOOX
0 0.5
1 0.5
3 0.5
OXX_XOOOX
3 0.5
XOX_XOOOX
3 0.5
XXO_XOOOX
3 0.5
___XXOOOX
0 0.5
1 0.5
2 0.5
OX_XXOOOX
2 0.5
XO_XXOOOX
2 0.5
O_XXXOOOX
1 0.5
_OXXXOOOX
0 0.5
X_OXXOOOX
1 0.5
_XOXXOOOX
0 0.5
XX_OXOOOX
2 0.5
X_XOXOOOX
1 0.5
_XXOXOOOX
0 0.5
XXX_OOOOX
3 0.5
XX_XOOOOX
2 0.5
X_XXOOOOX
1 0.5
_XXXOOOOX
0 0.5
X_______O
1 0.5
2 0.5
3 0.5
4 0.5
5 0.5
6 0.5
7 0.5
_X______O
0 0.5
2 0.5
3 0.5
4 0.5
5 0.5
6 0.5
7 0.5
__X_____O
0 0.5
1 0.5
3 0.5
4 0.5
5 0.5
6 0.5
7 0.5
OXX_____O
3 0.5
4 0.5
5 0.5
6 0.5
7 0.5
XOX_____O
3 0.5
4 0.5
5 0.5
6 0.5
7 0.5
XXO_____O
3 0.5
4 0.5
5 0.5
6 0.5
7 0.5
___X____O
0 0.5
1 0.5
2 0.5
4 0.5
5 0.5
6 0.5
7 0.5
OX_X____O
2 0.5
4 0.5
5 0.5
6 0.5
7 0.5
XO_X____O
2 0.5
4 0.5
5 0.5
6 0.5
7 0.5
O_XX____O
1 0.5
4 0.5
5 0.5
6 0.5
7 0.5
_OXX____O
0 0.5
4 0.5
5 0.5
6 0.5
7 0.5
X_OX____O
1 0.5
4 0.5
5 0.5
6 0.5
7 0.5
_XOX____O
0 0.5
4 0.5
5 0.5
6 0.5
7 0.5
XX_O____O
2 0.5
4 0.5
5 0.5
6 0.5
7 0.5
X_XO____O
1 0.5
4 0.5
5 0.5
6 0.5
7 0.5
_XXO____O
0 0.5
4 0.5
5 0.5
6 0.5
7 0.5
____X___O
0 0.5
1 0.5
2 0.5
3 0.5
5 0.5
6 0.5
7 0.5
OX__X___O
2 0.5
3 0.5
5 0.5
6 0.5
7 0.5
XO__X___O
2 0.5
3 0.5
5 0.5
6 0.5
7 0.5
O_X_X___O
1 0.5
3 0.5
5 0.5
6 0.5
7 0.5
_OX_X___O
0 0.5
3 0.5
5 0.5
6 0.5
7 0.5
X_O_X___O
1 0.5
3 0.5
5 0.5
6 0.5
7 0.5
_XO_X___O
0 0.5
3 0.5
5 0.5
6 0.5
7 0.5
O__XX___O
1 0.5
2 0.5
5 0.5
6 0.5
7 0.5
_O_XX___O
0 0.5
2 0.5
5 0.5
6 0.5
7 0.5
OOXXX___O
5 0.5
6 0.5
7 0.5
__OXX___O
0 0.5
1 0.5
5 0.5
6 0.5
7 0.5
OXOXX___O
5 0.5
6 0.5
7 0.5
XOOXX___O
5 0.5
6 0.5
7 0.5
X__OX___O
1 0.5
2 0.5
5 0.5
6 0.5
7 0.5
_X_OX___O
0 0.5
2 0.5
5 0.5
6 0.5
7 0.5
__XOX___O
0 0.5
1 0.5
5 0.5
6 0.5
7 0.5
OXXOX___O
5 0.5
6 0.5
7 0.5
XOXOX___O
5 0.5
6 0.5
7 0.5
XXOOX___O
5 0.5
6 0.5
7 0.5
XX__O___O
2 0.5
3 0.5
5 0.5
6 0.5
7 0.5
X_X_O___O
1 0.5
3 0.5
5 0.5
6 0.5
7 0.5
_XX_O___O
0 0.5
3 0.5
5 0.5
6 0.5
7 0.5
X__XO___O
1 0.5
2 0.5
5 0.5
6 0.5
7 0.5
_X_XO___O
0 0.5
2 0.5
5 0.5
6 0.5
7 0.5
__XXO___O
0 0.5
1 0.5
5 0.5
6 0.5
7 0.5
OXXXO___O
5 0.5
6 0.5
7 0.5
XOXXO___O
5 0.5
6 0.5
7 0.5
XXOXO___O
5 0.5
6 0.5
7 0.5
XXXOO___O
5 0.5
6 0.5
7 0.5
_____X__O
0 0.5
1 0.5
2 0.5
3 0.5
4 0.5
6 0.5
7 0.5
OX___X__O
2 0.5
3 0.5
4 0.5
6 0.5
7 0.5
XO___X__O
2 0.5
3 0.5
4 0.5
6 0.5
7 0.5
O_X__X__O
1 0.5
3 0.5
4 0.5
6 0.5
7 0.5
_OX__X__O
0 0.5
3 0.5
4 0.5
6 0.5
7 0.5
X_O__X__O
1 0.5
3 0.5
4 0.5
6 0.5
7 0.5
_XO__X__O
0 0.5
3 0.5
4 0.5
6 0.5
7 0.5
O__X_X__O
1 0.5
2 0.5
4 0.5
6 0.5
7 0.5
_O_X_X__O
0 0.5
2 0.5
4 0.5
6 0.5
7 0.5
OOXX_X__O
4 0.5
6 0.5
7 0.5
__OX_X__O
0 0.5
1 0.5
4 0.5
6 0.5
7 0.5
OXOX_X__O
4 0.5
6 0.5
7 0.5
XOOX_X__O
4 0.5
6 0.5
7 0.5
X__O_X__O
1 0.5
2 0.5
4 0.5
6 0.5
7 0.5
_X_O_X__O
0 0.5
2 0.5
4 0.5
6 0.5
7 0.5
__XO_X__O
0 0.5
1 0.5
4 0.5
6 0.5
7 0.5
OXXO_X__O
4 0.5
6 0.5
7 0.5
XOXO_X__O
4 0.5
6 0.5
7 0.5
XXOO_X__O
4 0.5
6 0.5
7 0.5
O___XX__O
1 0.5
2 0.5
3 0.5
6 0.5
7 0.5
_O__XX__O
0 0.5
2 0.5
3 0.5
6 0.5
7 0.5
OOX_XX__O
3 0.5
6 0.5
7 0.5
__O_XX__O
0 0.5
1 0.5
3 0.5
6 0.5
7 0.5
OXO_XX__O
3 0.5
6 0.5
7 0.5
XOO_XX__O
3 0.5
6 0.5
7 0.5
OO_XXX__O
2 0.5
6 0.5
7 0.5
O_OXXX__O
1 0.5
6 0.5
7 0.5
_OOXXX__O
0 0.5
6 0.5
7 0.5
___OXX__O
0 0.5
1 0.5
2 0.5
6 0.5
7 0.5
OX_OXX__O
2 0.5
6 0.5
7 0.5
XO_OXX__O
2 0.5
6 0.5
7 0.5
O_XOXX__O
1 0.5
6 0.5
7 0.5
_OXOXX__O
0 0.5
6 0.5
7 0.5
X_OOXX__O
1 0.5
6 0.5
7 0.5
_XOOXX__O
0 0.5
6 0.5
7 0.5
X___OX__O
1 0.5
2 0.5
3 0.5
6 0.5
7 0.5
_X__OX__O
0 0.5
2 0.5
3 0.5
6 0.5
7 0.5
__X_OX__O
0 0.5
1 0.5
3 0.5
6 0.5
7 0.5
OXX_OX__O
3 0.5
6 0.5
7 0.5
XOX_OX__O
3 0.5
6 0.5
7 0.5
XXO_OX__O
3 0.5
6 0.5
7 0.5
___XOX__O
0 0.5
1 0.5
2 0.5
6 0.5
7 0.5
OX_XOX__O
2 0.5
6 0.5
7 0.5
XO_XOX__O
2 0.5
6 0.5
7 0.5
O_XXOX__O
1 0.5
6 0.5
7 0.5
_OXXOX__O
0 0.5
6 0.5
7 0.5
X_OXOX__O
1 0.5
6 0.5
7 0.5
_XOXOX__O
0 0.5
6 0.5
7 0.5
XX_OOX__O
2 0.5
6 0.5
7 0.5
X_XOOX__O
1 0.5
6 0.5
7 0.5
_XXOOX__O
0 0.5
6 0.5
7 0.5
XX___O__O
2 0.5
3 0.5
4 0.5
6 0.5
7 0.5
X_X__O__O
1 0.5
3 0.5
4 0.5
6 0.5
7 0.5
_XX__O__O
0 0.5
3 0.5
4 0.5
6 0.5
7 0.5
X__X_O__O
1 0.5
2 0.5
4 0.5
6 0.5
7 0.5
_X_X_O__O
0 0.5
2 0.5
4 0.5
6 0.5
7 0.5
__XX_O__O
0 0.5
1 0.5
4 0.5
6 0.5
7 0.5
OXXX_O__O
4 0.5
6 0.5
7 0.5
XOXX_O__O
4 0.5
6 0.5
7 0.5
XXOX_O__O
4 0.5
6 0.5
7 0.5
XXXO_O__O
4 0.5
6 0.5
7 0.5
X___XO__O
1 0.5
2 0.5
3 0.5
6 0.5
7 0.5
_X__XO__O
0 0.5
2 0.5
3 0.5
6 0.5
7 0.5
__X_XO__O
0 0.5
1 0.5
3 0.5
6 0.5
7 0.5
OXX_XO__O
3 0.5
6 0.5
7 0.5
XOX_XO__O
3 0.5
6 0.5
7 0.5
XXO_XO__O
3 0.5
6 0.5
7 0.5
___XXO__O
0 0.5
1 0.5
2 0.5
6 0.5
7 0.5
OX_XXO__O
2 0.5
6 0.5
7 0.5
XO_XXO__O
2 0.5
6 0.5
7 0.5
O_XXXO__O
1 0.5
6 0.5
7 0.5
_OXXXO__O
0 0.5
6 0.5
7 0.5
X_OXXO__O
1 0.5
6 0.5
7 0.5
_XOXXO__O
0 0.5
6 0.5
7 0.5
XX_OXO__O
2 0.5
6 0.5
7 0.5
X_XOXO__O
1 0.5
6 0.5
7 0.5
_XXOXO__O
0 0.5
6 0.5
7 0.5
XXX_OO__O
3 0.5
6 0.5
7 0.5
XX_XOO__O
2 0.5
6 0.5
7 0.5
X_XXOO__O
1 0.5
6 0.5
7 0.5
_XXXOO__O
0 0.5
6 0.5
7 0.5
______X_O
0 0.5
1 0.5
2 0.5
3 0.5
4 0.5
5 0.5
7 0.5
OX____X_O
2 0.5
3 0.5
4 0.5
5 0.5
7 0.5
XO____X_O
2 0.5
3 0.5
4 0.5
5 0.5
7 0.5
O_X___X_O
1 0.5
3 0.5
4 0.5
5 0.5
7 0.5
_OX___X_O
0 0.5
3 0.5
4 0.5
5 0.5
7 0.5
X_O___X_O
1 0.5
3 0.5
4 0.5
5 0.5
7 0.5
_XO___X_O
0 0.5
3 0.5
4 0.5
5 0.5
7 0.5
O__X__X_O
1 0.5
2 0.5
4 0.5
5 0.5
7 0.5
_O_X__X_O
0 0.5
2 0.5
4 0.5
5 0.5
7 0.5
OOXX__X_O
4 0.5
5 0.5
7 0.5
__OX__X_O
0 0.5
1 0.5
4 0.5
5 0.5
7 0.5
OXOX__X_O
4 0.5
5 0.5
7 0.5
XOOX__X_O
4 0.5
5 0.5
7 0.5
X__O__X_O
1 0.5
2 0.5
4 0.5
5 0.5
7 0.5
_X_O__X_O
0 0.5
2 0.5
4 0.5
5 0.5
7 0.5
__XO__X_O
0 0.5
1 0.5
4 0.5
5 0.5
7 0.5
OXXO__X_O
4 0.5
5 0.5
7 0.5
XOXO__X_O
4 0.5
5 0.5
7 0.5
XXOO__X_O
4 0.5
5 0.5
7 0.5
O___X_X_O
1 0.5
2 0.5
3 0.5
5 0.5
7 0.5
_O__X_X_O
0 0.5
2 0.5
3 0.5
5 0.5
7 0.5
OOX_X_X_O
3 0.5
5 0.5
7 0.5
__O_X_X_O
0 0.5
1 0.5
3 0.5
5 0.5
7 0.5
OXO_X_X_O
3 0.5
5 0.5
7 0.5
XOO_X_X_O
3 0.5
5 0.5
7 0.5
OO_XX_X_O
2 0.5
5 0.5
7 0.5
O_OXX_X_O
1 0.5
5 0.5
7 0.5
_OOXX_X_O
0 0.5
5 0.5
7 0.5
___OX_X_O
0 0.5
1 0.5
2 0.5
5 0.5
7 0.5
OX_OX_X_O
2 0.5
5 0.5
7 0.5
XO_OX_X_O
2 0.5
5 0.5
7 0.5
O_XOX_X_O
1 0.5
5 0.5
7 0.5
_OXOX_X_O
0 0.5
5 0.5
7 0.5
X_OOX_X_O
1 0.5
5 0.5
7 0.5
_XOOX_X_O
0 0.5
5 0.5
7 0.5
X___O_X_O
1 0.5
2 0.5
3 0.5
5 0.5
7 0.5
_X__O_X_O
0 0.5
2 0.5
3 0.5
5 0.5
7 0.5
__X_O_X_O
0 0.5
1 0.5
3 0.5
5 0.5
7 0.5
OXX_O_X_O
3 0.5
5 0.5
7 0.5
XOX_O_X_O
3 0.5
5 0.5
7 0.5
XXO_O_X_O
3 0.5
5 0.5
7 0.5
___XO_X_O
0 0.5
1 0.5
2 0.5
5 0.5
7 0.5
OX_XO_X_O
2 0.5
5 0.5
7 0.5
XO_XO_X_O
2 0.5
5 0.5
7 0.5
O_XXO_X_O
1 0.5
5 0.5
7 0.5
_OXXO_X_O
0 0.5
5 0.5
7 0.5
X_OXO_X_O
1 0.5
5 0.5
7 0.5
_XOXO_X_O
0 0.5
5 0.5
7 0.5
XX_OO_X_O
2 0.5
5 0.5
7 0.5
X_XOO_X_O
1 0.5
5 0.5
7 0.5
_XXOO_X_O
0 0.5
5 0.5
7 0.5
O____XX_O
1 0.5
2 0.5
3 0.5
4 0.5
7 0.5
_O___XX_O
0 0.5
2 0.5
3 0.5
4 0.5
7 0.5
OOX__XX_O
3 0.5
4 0.5
7 0.5
__O__XX_O
0 0.5
1 0.5
3 0.5
4 0.5
7 0.5
OXO__XX_O
3 0.5
4 0.5
7 0.5
XOO__XX_O
3 0.5
4 0.5
7 0.5
OO_X_XX_O
2 0.5
4 0.5
7 0.5
O_OX_XX_O
1 0.5
4 0.5
7 0.5
_OOX_XX_O
0 0.5
4 0.5
7 0.5
___O_XX_O
0 0.5
1 0.5
2 0.5
4 0.5
7 0.5
OX_O_XX_O
2 0.5
4 0.5
7 0.5
XO_O_XX_O
2 0.5
4 0.5
7 0.5
O_XO_XX_O
1 0.5
4 0.5
7 0.5
_OXO_XX_O
0 0.5
4 0.5
7 0.5
X_OO_XX_O
1 0.5
4 0.5
7 0.5
_XOO_XX_O
0 0.5
4 0.5
7 0.5
OO__XXX_O
2 0.5
3 0.5
7 0.5
O_O_XXX_O
1 0.5
3 0.5
7 0.5
_OO_XXX_O
0 0.5
3 0.5
7 0.5
OOOXXXX_O
7 0.5
O__OXXX_O
1 0.5
2 0.5
7 0.5
_O_OXXX_O
0 0.5
2 0.5
7 0.5
OOXOXXX_O
7 0.5
__OOXXX_O
0 0.5
1 0.5
7 0.5
OXOOXXX_O
7 0.5
XOOOXXX_O
7 0.5
____OXX_O
0 0.5
1 0.5
2 0.5
3 0.5
7 0.5
OX__OXX_O
2 0.5
3 0.5
7 0.5
XO__OXX_O
2 0.5
3 0.5
7 0.5
O_X_OXX_O
1 0.5
3 0.5
7 0.5
_OX_OXX_O
0 0.5
3 0.5
7 0.5
X_O_OXX_O
1 0.5
3 0.5
7 0.5
_XO_OXX_O
0 0.5
3 0.5
7 0.5
O__XOXX_O
1 0.5
2 0.5
7 0.5
_O_XOXX_O
0 0.5
2 0.5
7 0.5
OOXXOXX_O
7 0.5
__OXOXX_O
0 0.5
1 0.5
7 0.5
OXOXOXX_O
7 0.5
XOOXOXX_O
7 0.5
X__OOXX_O
1 0.5
2 0.5
7 0.5
_X_OOXX_O
0 0.5
2 0.5
7 0.5
__XOOXX_O
0 0.5
1 0.5
7 0.5
OXXOOXX_O
7 0.5
XOXOOXX_O
7 0.5
XXOOOXX_O
7 0.5
X____OX_O
1 0.5
2 0.5
3 0.5
4 0.5
7 0.5
_X___OX_O
0 0.5
2 0.5
3 0.5
4 0.5
7 0.5
__X__OX_O
0 0.5
1 0.5
3 0.5
4 0.5
7 0.5
OXX__OX_O
3 0.5
4 0.5
7 0.5
XOX__OX_O
3 0.5
4 0.5
7 0.5
XXO__OX_O
3 0.5
4 0.5
7 0.5
___X_OX_O
0 0.5
1 0.5
2 0.5
4 0.5
7 0.5
OX_X_OX_O
2 0.5
4 0.5
7 0.5
XO_X_OX_O
2 0.5
4 0.5
7 0.5
O_XX_OX_O
1 0.5
4 0.5
7 0.5
_OXX_OX_O
0 0.5
4 0.5
7 0.5
X_OX_OX_O
1 0.5
4 0.5
7 0.5
_XOX_OX_O
0 0.5
4 0.5
7 0.5
XX_O_OX_O
2 0.5
4 0.5
7 0.5
X_XO_OX_O
1 0.5
4 0.5
7 0.5
_XXO_OX_O
0 0.5
4 0.5
7 0.5
____XOX_O
0 0.5
1 0.5
2 0.5
3 0.5
7 0.5
OX__XOX_O
2 0.5
3 0.5
7 0.5
XO__XOX_O
2 0.5
3 0.5
7 0.5
O_X_XOX_O
1 0.5
3 0.5
7 0.5
_OX_XOX_O
0 0.5
3 0.5
7 0.5
X_O_XOX_O
1 0.5
3 0.5
7 0.5
_XO_XOX_O
0 0.5
3 0.5
7 0.5
O__XXOX_O
1 0.5
2 0.5
7 0.5
_O_XXOX_O
0 0.5
2 0.5
7 0.5
OOXXXOX_O
7 0.5
__OXXOX_O
0 0.5
1 0.5
7 0.5
OXOXXOX_O
7 0.5
XOOXXOX_O
7 0.5
X__OXOX_O
1 0.5
2 0.5
7 0.5
_X_OXOX_O
0 0.5
2 0.5
7 0.5
__XOXOX_O
0 0.5
1 0.5
7 0.5
OXXOXOX_O
7 0.5
XOXOXOX_O
7 0.5
XXOOXOX_O
7 0.5
XX__OOX_O
2 0.5
3 0.5
7 0.5
X_X_OOX_O
1 0.5
3 0.5
7 0.5
_XX_OOX_O
0 0.5
3 0.5
7 0.5
X__XOOX_O
1 0.5
2 0.5
7 0.5
_X_XOOX_O
0 0.5
2 0.5
7 0.5
__XXOOX_O
0 0.5
1 0.5
7 0.5
OXXXOOX_O
7 0.5
XOXXOOX_O
7 0.5
XXOXOOX_O
7 0.5
XXXOOOX_O
7 0.5
XX____O_O
2 0.5
3 0.5
4 0.5
5 0.5
7 0.5
X_X___O_O
1 0.5
3 0.5
4 0.5
5 0.5
7 0.5
_XX___O_O
0 0.5
3 0.5
4 0.5
5 0.5
7 0.5
X__X__O_O
1 0.5
2 0.5
4 0.5
5 0.5
7 0.5
_X_X__O_O
0 0.5
2 0.5
4 0.5
5 0.5
7 0.5
__XX__O_O
0 0.5
1 0.5
4 0.5
5 0.5
7 0.5
OXXX__O_O
4 0.5
5 0.5
7 0.5
XOXX__O_O
4 0.5
5 0.5
7 0.5
XXOX__O_O
4 0.5
5 0.5
7 0.5
XXXO__O_O
4 0.5
5 0.5
7 0.5
X___X_O_O
1 0.5
2 0.5
3 0.5
5 0.5
7 0.5
_X__X_O_O
0 0.5
2 0.5
3 0.5
5 0.5
7 0.5
__X_X_O_O
0 0.5
1 0.5
3 0.5
5 0.5
7 0.5
OXX_X_O_O
3 0.5
5 0.5
7 0.5
XOX_X_O_O
3 0.5
5 0.5
7 0.5
XXO_X_O_O
3 0.5
5 0.5
7 0.5
___XX_O_O
0 0.5
1 0.5
2 0.5
5 0.5
7 0.5
OX_XX_O_O
2 0.5
5 0.5
7 0.5
XO_XX_O_O
2 0.5
5 0.5
7 0.5
O_XXX_O_O
1 0.5
5 0.5
7 0.5
_OXXX_O_O
0 0.5
5 0.5
7 0.5
X_OXX_O_O
1 0.5
5 0.5
7 0.5
_XOXX_O_O
0 0.5
5 0.5
7 0.5
XX_OX_O_O
2 0.5
5 0.5
7 0.5
X_XOX_O_O
1 0.5
5 0.5
7 0.5
_XXOX_O_O
0 0.5
5 0.5
7 0.5
XXX_O_O_O
3 0.5
5 0.5
7 0.5
XX_XO_O_O
2 0.5
5 0.5
7 0.5
X_XXO_O_O
1 0.5
5 0.5
7 0.5
_XXXO_O_O
0 0.5
5 0.5
7 0.5
X____XO_O
1 0.5
2 0.5
3 0.5
4 0.5
7 0.5
_X___XO_O
0 0.5
2 0.5
3 0.5
4 0.5
7 0.5
__X__XO_O
0 0.5
1 0.5
3 0.5
4 0.5
7 0.5
OXX__XO_O
3 0.5
4 0.5
7 0.5
XOX__XO_O
3 0.5
4 0.5
7 0.5
XXO__XO_O
3 0.5
4 0.5
7 0.5
___X_XO_O
0 0.5
1 0.5
2 0.5
4 0.5
7 0.5
OX_X_XO_O
2 0.5
4 0.5
7 0.5
XO_X_XO_O
2 0.5
4 0.5
7 0.5
O_XX_XO_O
1 0.5
4 0.5
7 0.5
_OXX_XO_O
0 0.5
4 0.5
7 0.5
X_OX_XO_O
1 0.5
4 0.5
7 0.5
_XOX_XO_O
0 0.5
4 0.5
7 0.5
XX_O_XO_O
2 0.5
4 0.5
7 0.5
X_XO_XO_O
1 0.5
4 0.5
7 0.5
_XXO_XO_O
0 0.5
4 0.5
7 0.5
____XXO_O
0 0.5
1 0.5
2 0.5
3 0.5
7 0.5
OX__XXO_O
2 0.5
3 0.5
7 0.5
XO__XXO_O
2 0.5
3 0.5
7 0.5
O_X_XXO_O
1 0.5
3 0.5
7 0.5
_OX_XXO_O
0 0.5
3 0.5
7 0.5
X_O_XXO_O
1 0.5
3 0.5
7 0.5
_XO_XXO_O
0 0.5
3 0.5
7 0.5
O__XXXO_O
1 0.5
2 0.5
7 0.5
_O_XXXO_O
0 0.5
2 0.5
7 0.5
OOXXXXO_O
7 0.5
__OXXXO_O
0 0.5
1 0.5
7 0.5
OXOXXXO_O
7 0.5
XOOXXXO_O
7 0.5
X__OXXO_O
1 0.5
2 0.5
7 0.5
_X_OXXO_O
0 0.5
2 0.5
7 0.5
__XOXXO_O
0 0.5
1 0.5
7 0.5
OXXOXXO_O
7 0.5
XOXOXXO_O
7 0.5
XXOOXXO_O
7 0.5
XX__OXO_O
2 0.5
3 0.5
7 0.5
X_X_OXO_O
1 0.5
3 0.5
7 0.5
_XX_OXO_O
0 0.5
3 0.5
7 0.5
X__XOXO_O
1 0.5
2 0.5
7 0.5
_X_XOXO_O
0 0.5
2 0.5
7 0.5
__XXOXO_O
0 0.5
1 0.5
7 0.5
OXXXOXO_O
7 0.5
XOXXOXO_O
7 0.5
XXOXOXO_O
7 0.5
XXXOOXO_O
7 0.5
XXX__OO_O
3 0.5
4 0.5
7 0.5
XX_X_OO_O
2 0.5
4 0.5
7 0.5
X_XX_OO_O
1 0.5
4 0.5
7 0.5
_XXX_OO_O
0 0.5
4 0.5
7 0.5
XX__XOO_O
2 0.5
3 0.5
7 0.5
X_X_XOO_O
1 0.5
3 0.5
7 0.5
_XX_XOO_O
0 0.5
3 0.5
7 0.5
X__XXOO_O
1 0.5
2 0.5
7 0.5
_X_XXOO_O
0 0.5
2 0.5
7 0.5
__XXXOO_O
0 0.5
1 0.5
7 0.5
OXXXXOO_O
7 0.5
XOXXXOO_O
7 0.5
XXOXXOO_O
7 0.5
XXXOXOO_O
7 0.5
XXXXOOO_O
7 0.5
_______XO
0 0.5
1 0.5
2 0.5
3 0.5
4 0.5
5 0.5
6 0.5
OX_____XO
2 0.5
3 0.5
4 0.5
5 0.5
6 0.5
XO_____XO
2 0.5
3 0.5
4 0.5
5 0.5
6 0.5
O_X____XO
1 0.5
3 0.5
4 0.5
5 0.5
6 0.5
_OX____XO
0 0.5
3 0.5
4 0.5
5 0.5
6 0.5
X_O____XO
1 0.5
3 0.5
4 0.5
5 0.5
6 0.5
_XO____XO
0 0.5
3 0.5
4 0.5
5 0.5
6 0.5
O__X___XO
1 0.5
2 0.5
4 0.5
5 0.5
6 0.5
_O_X___XO
0 0.5
2 0.5
4 0.5
5 0.5
6 0.5
OOXX___XO
4 0.5
5 0.5
6 0.5
__OX___XO
0 0.5
1 0.5
4 0.5
5 0.5
6 0.5
OXOX___XO
4 0.5
5 0.5
6 0.5
XOOX___XO
4 0.5
5 0.5
6 0.5
X__O___XO
1 0.5
2 0.5
4 0.5
5 0.5
6 0.5
_X_O___XO
0 0.5
2 0.5
4 0.5
5 0.5
6 0.5
__XO___XO
0 0.5
1 0.5
4 0.5
5 0.5
6 0.5
OXXO___XO
4 0.5
5 0.5
6 0.5
XOXO___XO
4 0.5
5 0.5
6 0.5
XXOO___XO
4 0.5
5 0.5
6 0.5
O___X__XO
1 0.5
2 0.5
3 0.5
5 0.5
6 0.5
_O__X__XO
0 0.5
2 0.5
3 0.5
5 0.5
6 0.5
OOX_X__XO
3 0.5
5 0.5
6 0.5
__O_X__XO
0 0.5
1 0.5
3 0.5
5 0.5
6 0.5
OXO_X__XO
3 0.5
5 0.5
6 0.5
XOO_X__XO
3 0.5
5 0.5
6 0.5
OO_XX__XO
2 0.5
5 0.5
6 0.5
O_OXX__XO
1 0.5
5 0.5
6 0.5
_OOXX__XO
0 0.5
5 0.5
6 0.5
___OX__XO
0 0.5
1 0.5
2 0.5
5 0.5
6 0.5
OX_OX__XO
2 0.5
5 0.5
6 0.5
XO_OX__XO
2 0.5
5 0.5
6 0.5
O_XOX__XO
1 0.5
5 0.5
6 0.5
_OXOX__XO
0 0.5
5 0.5
6 0.5
X_OOX__XO
1 0.5
5 0.5
6 0.5
_XOOX__XO
0 0.5
5 0.5
6 0.5
X___O__XO
1 0.5
2 0.5
3 0.5
5 0.5
6 0.5
_X__O__XO
0 0.5
2 0.5
3 0.5
5 0.5
6 0.5
__X_O__XO
0 0.5
1 0.5
3 0.5
5 0.5
6 0.5
OXX_O__XO
3 0.5
5 0.5
6 0.5
XOX_O__XO
3 0.5
5 0.5
6 0.5
XXO_O__XO
3 0.5
5 0.5
6 0.5
___XO__XO
0 0.5
1 0.5
2 0.5
5 0.5
6 0.5
OX_XO__XO
2 0.5
5 0.5
6 0.5
XO_XO__XO
2 0.5
5 0.5
6 0.5
O_XXO__XO
1 0.5
5 0.5
6 0.5
_OXXO__XO
0 0.5
5 0.5
6 0.5
X_OXO__XO
1 0.5
5 0.5
6 0.5
_XOXO__XO
0 0.5
5 0.5
6 0.5
XX_OO__XO
2 0.5
5 0.5
6 0.5
X_XOO__XO
1 0.5
5 0.5
6 0.5
_XXOO__XO
0 0.5
5 0.5
6 0.5
O____X_XO
1 0.5
2 0.5
3 0.5
4 0.5
6 0.5
_O___X_XO
0 0.5
2 0.5
3 0.5
4 0.5
6 0.5
OOX__X_XO
3 0.5
4 0.5
6 0.5
__O__X_XO
0 0.5
1 0.5
3 0.5
4 0.5
6 0.5
OXO__X_XO
3 0.5
4 0.5
6 0.5
XOO__X_XO
3 0.5
4 0.5
6 0.5
OO_X_X_XO
2 0.5
4 0.5
6 0.5
O_OX_X_XO
1 0.5
4 0.5
6 0.5
_OOX_X_XO
0 0.5
4 0.5
6 0.5
___O_X_XO
0 0.5
1 0.5
2 0.5
4 0.5
6 0.5
OX_O_X_XO
2 0.5
4 0.5
6 0.5
XO_O_X_XO
2 0.5
4 0.5
6 0.5
O_XO_X_XO
1 0.5
4 0.5
6 0.5
_OXO_X_XO
0 0.5
4 0.5
6 0.5
X_OO_X_XO
1 0.5
4 0.5
6 0.5
_XOO_X_XO
0 0.5
4 0.5
6 0.5
OO__XX_XO
2 0.5
3 0.5
6 0.5
O_O_XX_XO
1 0.5
3 0.5
6 0.5
_OO_XX_XO
0 0.5
3 0.5
6 0.5
OOOXXX_XO
6 0.5
O__OXX_XO
1 0.5
2 0.5
6 0.5
_O_OXX_XO
0 0.5
2 0.5
6 0.5
OOXOXX_XO
6 0.5
__OOXX_XO
0 0.5
1 0.5
6 0.5
OXOOXX_XO
6 0.5
XOOOXX_XO
6 0.5
____OX_XO
0 0.5
1 0.5
2 0.5
3 0.5
6 0.5
OX__OX_XO
2 0.5
3 0.5
6 0.5
XO__OX_XO
2 0.5
3 0.5
6 0.5
O_X_OX_XO
1 0.5
3 0.5
6 0.5
_OX_OX_XO
0 0.5
3 0.5
6 0.5
X_O_OX_XO
1 0.5
3 0.5
6 0.5
_XO_OX_XO
0 0.5
3 0.5
6 0.5
O__XOX_XO
1 0.5
2 0.5
6 0.5
_O_XOX_XO
0 0.5
2 0.5
6 0.5
OOXXOX_XO
6 0.5
__OXOX_XO
0 0.5
1 0.5
6 0.5
OXOXOX_XO
6 0.5
XOOXOX_XO
6 0.5
X__OOX_XO
1 0.5
2 0.5
6 0.5
_X_OOX_XO
0 0.5
2 0.5
6 0.5
__XOOX_XO
0 0.5
1 0.5
6 0.5
OXXOOX_XO
6 0.5
XOXOOX_XO
6 0.5
XXOOOX_XO
6 0.5
X____O_XO
1 0.5
2 0.5
3 0.5
4 0.5
6 0.5
_X___O_XO
0 0.5
2 0.5
3 0.5
4 0.5
6 0.5
__X__O_XO
0 0.5
1 0.5
3 0.5
4 0.5
6 0.5
OXX__O_XO
3 0.5
4 0.5
6 0.5
XOX__O_XO
3 0.5
4 0.5
6 0.5
XXO__O_XO
3 0.5
4 0.5
6 0.5
___X_O_XO
0 0.5
1 0.5
2 0.5
4 0.5
6 0.5
OX_X_O_XO
2 0.5
4 0.5
6 0.5
XO_X_O_XO
2 0.5
4 0.5
6 0.5
O_XX_O_XO
1 0.5
4 0.5
6 0.5
_OXX_O_XO
0 0.5
4 0.5
6 0.5
X_OX_O_XO
1 0.5
4 0.5
6 0.5
_XOX_O_XO
0 0.5
4 0.5
6 0.5
XX_O_O_XO
2 0.5
4 0.5
6 0.5
X_XO_O_XO
1 0.5
4 0.5
6 0.5
_XXO_O_XO
0 0.5
4 0.5
6 0.5
____XO_XO
0 0.5
1 0.5
2 0.5
3 0.5
6 0.5
OX__XO_XO
2 0.5
3 0.5
6 0.5
XO__XO_XO
2 0.5
3 0.5
6 0.5
O_X_XO_XO
1 0.5
3 0.5
6 0.5
_OX_XO_XO
0 0.5
3 0.5
6 0.5
X_O_XO_XO
1 0.5
3 0.5
6 0.5
_XO_XO_XO
0 0.5
3 0.5
6 0.5
O__XXO_XO
1 0.5
2 0.5
6 0.5
_O_XXO_XO
0 0.5
2 0.5
6 0.5
OOXXXO_XO
6 0.5
__OXXO_XO
0 0.5
1 0.5
6 0.5
OXOXXO_XO
6 0.5
XOOXXO_XO
6 0.5
X__OXO_XO
1 0.5
2 0.5
6 0.5
_X_OXO_XO
0 0.5
2 0.5
6 0.5
__XOXO_XO
0 0.5
1 0.5
6 0.5
OXXOXO_XO
6 0.5
XOXOXO_XO
6 0.5
XXOOXO_XO
6 0.5
XX__OO_XO
2 0.5
3 0.5
6 0.5
X_X_OO_XO
1 0.5
3 0.5
6 0.5
_XX_OO_XO
0 0.5
3 0.5
6 0.5
X__XOO_XO
1 0.5
2 0.5
6 0.5
_X_XOO_XO
0 0.5
2 0.5
6 0.5
__XXOO_XO
0 0.5
1 0.5
6 0.5
OXXXOO_XO
6 0.5
XOXXOO_XO
6 0.5
XXOXOO_XO
6 0.5
XXXOOO_XO
6 0.5
O_____XXO
1 0.5
2 0.5
3 0.5
4 0.5
5 0.5
_O____XXO
0 0.5
2 0.5
3 0.5
4 0.5
5 0.5
OOX___XXO
3 0.5
4 0.5
5 0.5
__O___XXO
0 0.5
1 0.5
3 0.5
4 0.5
5 0.5
OXO___XXO
3 0.5
4 0.5
5 0.5
XOO___XXO
3 0.5
4 0.5
5 0.5
OO_X__XXO
2 0.5
4 0.5
5 0.5
O_OX__XXO
1 0.5
4 0.5
5 0.5
_OOX__XXO
0 0.5
4 0.5
5 0.5
___O__XXO
0 0.5
1 0.5
2 0.5
4 0.5
5 0.5
OX_O__XXO
2 0.5
4 0.5
5 0.5
XO_O__XXO
2 0.5
4 0.5
5 0.5
O_XO__XXO
1 0.5
4 0.5
5 0.5
_OXO__XXO
0 0.5
4 0.5
5 0.5
X_OO__XXO
1 0.5
4 0.5
5 0.5
_XOO__XXO
0 0.5
4 0.5
5 0.5
OO__X_XXO
2 0.5
3 0.5
5 0.5
O_O_X_XXO
1 0.5
3 0.5
5 0.5
_OO_X_XXO
0 0.5
3 0.5
5 0.5
OOOXX_XXO
5 0.5
O__OX_XXO
1 0.5
2 0.5
5 0.5
_O_OX_XXO
0 0.5
2 0.5
5 0.5
OOXOX_XXO
5 0.5
__OOX_XXO
0 0.5
1 0.5
5 0.5
OXOOX_XXO
5 0.5
XOOOX_XXO
5 0.5
____O_XXO
0 0.5
1 0.5
2 0.5
3 0.5
5 0.5
OX__O_XXO
2 0.5
3 0.5
5 0.5
XO__O_XXO
2 0.5
3 0.5
5 0.5
O_X_O_XXO
1 0.5
3 0.5
5 0.5
_OX_O_XXO
0 0.5
3 0.5
5 0.5
X_O_O_XXO
1 0.5
3 0.5
5 0.5
_XO_O_XXO
0 0.5
3 0.5
5 0.5
O__XO_XXO
1 0.5
2 0.5
5 0.5
_O_XO_XXO
0 0.5
2 0.5
5 0.5
OOXXO_XXO
5 0.5
__OXO_XXO
0 0.5
1 0.5
5 0.5
OXOXO_XXO
5 0.5
XOOXO_XXO
5 0.5
X__OO_XXO
1 0.5
2 0.5
5 0.5
_X_OO_XXO
0 0.5
2 0.5
5 0.5
__XOO_XXO
0 0.5
1 0.5
5 0.5
OXXOO_XXO
5 0.5
XOXOO_XXO
5 0.5
XXOOO_XXO
5 0.5
OO___XXXO
2 0.5
3 0.5
4 0.5
O_O__XXXO
1 0.5
3 0.5
4 0.5
_OO__XXXO
0 0.5
3 0.5
4 0.5
OOOX_XXXO
4 0.5
O__O_XXXO
1 0.5
2 0.5
4 0.5
_O_O_XXXO
0 0.5
2 0.5
4 0.5
OOXO_XXXO
4 0.5
__OO_XXXO
0 0.5
1 0.5
4 0.5
OXOO_XXXO
4 0.5
XOOO_XXXO
4 0.5
OOO_XXXXO
3 0.5
OO_OXXXXO
2 0.5
O_OOXXXXO
1 0.5
_OOOXXXXO
0 0.5
O___OXXXO
1 0.5
2 0.5
3 0.5
_O__OXXXO
0 0.5
2 0.5
3 0.5
OOX_OXXXO
3 0.5
__O_OXXXO
0 0.5
1 0.5
3 0.5
OXO_OXXXO
3 0.5
XOO_OXXXO
3 0.5
OO_XOXXXO
2 0.5
O_OXOXXXO
1 0.5
_OOXOXXXO
0 0.5
___OOXXXO
0 0.5
1 0.5
2 0.5
OX_OOXXXO
2 0.5
XO_OOXXXO
2 0.5
O_XOOXXXO
1 0.5
_OXOOXXXO
0 0.5
X_OOOXXXO
1 0.5
_XOOOXXXO
0 0.5
_____OXXO
0 0.5
1 0.5
2 0.5
3 0.5
4 0.5
OX___OXXO
2 0.5
3 0.5
4 0.5
XO___OXXO
2 0.5
3 0.5
4 0.5
O_X__OXXO
1 0.5
3 0.5
4 0.5
_OX__OXXO
0 0.5
3 0.5
4 0.5
X_O__OXXO
1 0.5
3 0.5
4 0.5
_XO__OXXO
0 0.5
3 0.5
4 0.5
O__X_OXXO
1 0.5
2 0.5
4 0.5
_O_X_OXXO
0 0.5
2 0.5
4 0.5
OOXX_OXXO
4 0.5
__OX_OXXO
0 0.5
1 0.5
4 0.5
OXOX_OXXO
4 0.5
XOOX_OXXO
4 0.5
X__O_OXXO
1 0.5
2 0.5
4 0.5
_X_O_OXXO
0 0.5
2 0.5
4 0.5
__XO_OXXO
0 0.5
1 0.5
4 0.5
OXXO_OXXO
4 0.5
XOXO_OXXO
4 0.5
XXOO_OXXO
4 0.5
O___XOXXO
1 0.5
2 0.5
3 0.5
_O__XOXXO
0 0.5
2 0.5
3 0.5
OOX_XOXXO
3 0.5
__O_XOXXO
0 0.5
1 0.5
3 0.5
OXO_XOXXO
3 0.5
XOO_XOXXO
3 0.5
OO_XXOXXO
2 0.5
O_OXXOXXO
1 0.5
_OOXXOXXO
0 0.5
___OXOXXO
0 0.5
1 0.5
2 0.5
OX_OXOXXO
2 0.5
XO_OXOXXO
2 0.5
O_XOXOXXO
1 0.5
_OXOXOXXO
0 0.5
X_OOXOXXO
1 0.5
_XOOXOXXO
0 0.5
X___OOXXO
1 0.5
2 0.5
3 0.5
_X__OOXXO
0 0.5
2 0.5
3 0.5
__X_OOXXO
0 0.5
1 0.5
3 0.5
OXX_OOXXO
3 0.5
XOX_OOXXO
3 0.5
XXO_OOXXO
3 0.5
___XOOXXO
0 0.5
1 0.5
2 0.5
OX_XOOXXO
2 0.5
XO_XOOXXO
2 0.5
O_XXOOXXO
1 0.5
_OXXOOXXO
0 0.5
X_OXOOXXO
1 0.5
_XOXOOXXO
0 0.5
XX_OOOXXO
2 0.5
X_XOOOXXO
1 0.5
_XXOOOXXO
0 0.5
X_____OXO
1 0.5
2 0.5
3 0.5
4 0.5
5 0.5
_X____OXO
0 0.5
2 0.5
3 0.5
4 0.5
5 0.5
__X___OXO
0 0.5
1 0.5
3 0.5
4 0.5
5 0.5
OXX___OXO
3 0.5
4 0.5
5 0.5
XOX___OXO
3 0.5
4 0.5
5 0.5
XXO___OXO
3 0.5
4 0.5
5 0.5
___X__OXO
0 0.5
1 0.5
2 0.5
4 0.5
5 0.5
OX_X__OXO
2 0.5
4 0.5
5 0.5
XO_X__OXO
2 0.5
4 0.5
5 0.5
O_XX__OXO
1 0.5
4 0.5
5 0.5
_OXX__OXO
0 0.5
4 0.5
5 0.5
X_OX__OXO
1 0.5
4 0.5
5 0.5
_XOX__OXO
0 0.5
4 0.5
5 0.5
XX_O__OXO
2 0.5
4 0.5
5 0.5
X_XO__OXO
1 0.5
4 0.5
5 0.5
_XXO__OXO
0 0.5
4 0.5
5 0.5
____X_OXO
0 0.5
1 0.5
2 0.5
3 0.5
5 0.5
OX__X_OXO
2 0.5
3 0.5
5 0.5
XO__X_OXO
2 0.5
3 0.5
5 0.5
O_X_X_OXO
1 0.5
3 0.5
5 0.5
_OX_X_OXO
0 0.5
3 0.5
5 0.5
X_O_X_OXO
1 0.5
3 0.5
5 0.5
_XO_X_OXO
0 0.5
3 0.5
5 0.5
O__XX_OXO
1 0.5
2 0.5
5 0.5
_O_XX_OXO
0 0.5
2 0.5
5 0.5
OOXXX_OXO
5 0.5
__OXX_OXO
0 0.5
1 0.5
5 0.5
OXOXX_OXO
5 0.5
XOOXX_OXO
5 0.5
X__OX_OXO
1 0.5
2 0.5
5 0.5
_X_OX_OXO
0 0.5
2 0.5
5 0.5
__XOX_OXO
0 0.5
1 0.5
5 0.5
OXXOX_OXO
5 0.5
XOXOX_OXO
5 0.5
XXOOX_OXO
5 0.5
XX__O_OXO
2 0.5
3 0.5
5 0.5
X_X_O_OXO
1 0.5
3 0.5
5 0.5
_XX_O_OXO
0 0.5
3 0.5
5 0.5
X__XO_OXO
1 0.5
2 0.5
5 0.5
_X_XO_OXO
0 0.5
2 0.5
5 0.5
__XXO_OXO
0 0.5
1 0.5
5 0.5
OXXXO_OXO
5 0.5
XOXXO_OXO
5 0.5
XXOXO_OXO
5 0.5
XXXOO_OXO
5 0.5
_____XOXO
0 0.5
1 0.5
2 0.5
3 0.5
4 0.5
OX___XOXO
2 0.5
3 0.5
4 0.5
XO___XOXO
2 0.5
3 0.5
4 0.5
O_X__XOXO
1 0.5
3 0.5
4 0.5
_OX__XOXO
0 0.5
3 0.5
4 0.5
X_O__XOXO
1 0.5
3 0.5
4 0.5
_XO__XOXO
0 0.5
3 0.5
4 0.5
O__X_XOXO
1 0.5
2 0.5
4 0.5
_O_X_XOXO
0 0.5
2 0.5
4 0.5
OOXX_XOXO
4 0.5
__OX_XOXO
0 0.5
1 0.5
4 0.5
OXOX_XOXO
4 0.5
XOOX_XOXO
4 0.5
X__O_XOXO
1 0.5
2 0.5
4 0.5
_X_O_XOXO
0 0.5
2 0.5
4 0.5
__XO_XOXO
0 0.5
1 0.5
4 0.5
OXXO_XOXO
4 0.5
XOXO_XOXO
4 0.5
XXOO_XOXO
4 0.5
O___XXOXO
1 0.5
2 0.5
3 0.5
_O__XXOXO
0 0.5
2 0.5
3 0.5
OOX_XXOXO
3 0.5
__O_XXOXO
0 0.5
1 0.5
3 0.5
OXO_XXOXO
3 0.5
XOO_XXOXO
3 0.5
OO_XXXOXO
2 0.5
O_OXXXOXO
1 0.5
_OOXXXOXO
0 0.5
___OXXOXO
0 0.5
1 0.5
2 0.5
OX_OXXOXO
2 0.5
XO_OXXOXO
2 0.5
O_XOXXOXO
1 0.5
_OXOXXOXO
0 0.5
X_OOXXOXO
1 0.5
_XOOXXOXO
0 0.5
X___OXOXO
1 0.5
2 0.5
3 0.5
_X__OXOXO
0 0.5
2 0.5
3 0.5
__X_OXOXO
0 0.5
1 0.5
3 0.5
OXX_OXOXO
3 0.5
XOX_OXOXO
3 0.5
XXO_OXOXO
3 0.5
___XOXOXO
0 0.5
1 0.5
2 0.5
OX_XOXOXO
2 0.5
XO_XOXOXO
2 0.5
O_XXOXOXO
1 0.5
_OXXOXOXO
0 0.5
X_OXOXOXO
1 0.5
_XOXOXOXO
0 0.5
XX_OOXOXO
2 0.5
X_XOOXOXO
1 0.5
_XXOOXOXO
0 0.5
XX___OOXO
2 0.5
3 0.5
4 0.5
X_X__OOXO
1 0.5
3 0.5
4 0.5
_XX__OOXO
0 0.5
3 0.5
4 0.5
X__X_OOXO
1 0.5
2 0.5
4 0.5
_X_X_OOXO
0 0.5
2 0.5
4 0.5
__XX_OOXO
0 0.5
1 0.5
4 0.5
OXXX_OOXO
4 0.5
XOXX_OOXO
4 0.5
XXOX_OOXO
4 0.5
XXXO_OOXO
4 0.5
X___XOOXO
1 0.5
2 0.5
3 0.5
_X__XOOXO
0 0.5
2 0.5
3 0.5
__X_XOOXO
0 0.5
1 0.5
3 0.5
OXX_XOOXO
3 0.5
XOX_XOOXO
3 0.5
XXO_XOOXO
3 0.5
___XXOOXO
0 0.5
1 0.5
2 0.5
OX_XXOOXO
2 0.5
XO_XXOOXO
2 0.5
O_XXXOOXO
1 0.5
_OXXXOOXO
0 0.5
X_OXXOOXO
1 0.5
_XOXXOOXO
0 0.5
XX_OXOOXO
2 0.5
X_XOXOOXO
1 0.5
_XXOXOOXO
0 0.5
XXX_OOOXO
3 0.5
XX_XOOOXO
2 0.5
X_XXOOOXO
1 0.5
_XXXOOOXO
0 0.5
XX_____OO
2 0.5
3 0.5
4 0.5
5 0.5
6 0.5
X_X____OO
1 0.5
3 0.5
4 0.5
5 0.5
6 0.5
_XX____OO
0 0.5
3 0.5
4 0.5
5 0.5
6 0.5
X__X___OO
1 0.5
2 0.5
4 0.5
5 0.5
6 0.5
_X_X___OO
0 0.5
2 0.5
4 0.5
5 0.5
6 0.5
__XX___OO
0 0.5
1 0.5
4 0.5
5 0.5
6 0.5
OXXX___OO
4 0.5
5 0.5
6 0.5
XOXX___OO
4 0.5
5 0.5
6 0.5
XXOX___OO
4 0.5
5 0.5
6 0.5
XXXO___OO
4 0.5
5 0.5
6 0.5
X___X__OO
1 0.5
2 0.5
3 0.5
5 0.5
6 0.5
_X__X__OO
0 0.5
2 0.5
3 0.5
5 0.5
6 0.5
__X_X__OO
0 0.5
1 0.5
3 0.5
5 0.5
6 0.5
OXX_X__OO
3 0.5
5 0.5
6 0.5
XOX_X__OO
3 0.5
5 0.5
6 0.5
XXO_X__OO
3 0.5
5 0.5
6 0.5
___XX__OO
0 0.5
1 0.5
2 0.5
5 0.5
6 0.5
OX_XX__OO
2 0.5
5 0.5
6 0.5
XO_XX__OO
2 0.5
5 0.5
6 0.5
O_XXX__OO
1 0.5
5 0.5
6 0.5
_OXXX__OO
0 0.5
5 0.5
6 0.5
X_OXX__OO
1 0.5
5 0.5
6 0.5
_XOXX__OO
0 0.5
5 0.5
6 0.5
XX_OX__OO
2 0.5
5 0.5
6 0.5
X_XOX__OO
1 0.5
5 0.5
6 0.5
_XXOX__OO
0 0.5
5 0.5
6 0.5
XXX_O__OO
3 0.5
5 0.5
6 0.5
XX_XO__OO
2 0.5
5 0.5
6 0.5
X_XXO__OO
1 0.5
5 0.5
6 0.5
_XXXO__OO
0 0.5
5 0.5
6 0.5
X____X_OO
1 0.5
2 0.5
3 0.5
4 0.5
6 0.5
_X___X_OO
0 0.5
2 0.5
3 0.5
4 0.5
6 0.5
__X__X_OO
0 0.5
1 0.5
3 0.5
4 0.5
6 0.5
OXX__X_OO
3 0.5
4 0.5
6 0.5
XOX__X_OO
3 0.5
4 0.5
6 0.5
XXO__X_OO
3 0.5
4 0.5
6 0.5
___X_X_OO
0 0.5
1 0.5
2 0.5
4 0.5
6 0.5
OX_X_X_OO
2 0.5
4 0.5
6 0.5
XO_X_X_OO
2 0.5
4 0.5
6 0.5
O_XX_X_OO
1 0.5
4 0.5
6 0.5
_OXX_X_OO
0 0.5
4 0.5
6 0.5
X_OX_X_OO
1 0.5
4 0.5
6 0.5
_XOX_X_OO
0 0.5
4 0.5
6 0.5
XX_O_X_OO
2 0.5
4 0.5
6 0.5
X_XO_X_OO
1 0.5
4 0.5
6 0.5
_XXO_X_OO
0 0.5
4 0.5
6 0.5
____XX_OO
0 0.5
1 0.5
2 0.5
3 0.5
6 0.5
OX__XX_OO
2 0.5
3 0.5
6 0.5
XO__XX_OO
2 0.5
3 0.5
6 0.5
O_X_XX_OO
1 0.5
3 0.5
6 0.5
_OX_XX_OO
0 0.5
3 0.5
6 0.5
X_O_XX_OO
1 0.5
3 0.5
6 0.5
_XO_XX_OO
0 0.5
3 0.5
6 0.5
O__XXX_OO
1 0.5
2 0.5
6 0.5
_O_XXX_OO
0 0.5
2 0.5
6 0.5
OOXXXX_OO
6 0.5
__OXXX_OO
0 0.5
1 0.5
6 0.5
OXOXXX_OO
6 0.5
XOOXXX_OO
6 0.5
X__OXX_OO
1 0.5
2 0.5
6 0.5
_X_OXX_OO
0 0.5
2 0.5
6 0.5
__XOXX_OO
0 0.5
1 0.5
6 0.5
OXXOXX_OO
6 0.5
XOXOXX_OO
6 0.5
XXOOXX_OO
6 0.5
XX__OX_OO
2 0.5
3 0.5
6 0.5
X_X_OX_OO
1 0.5
3 0.5
6 0.5
_XX_OX_OO
0 0.5
3 0.5
6 0.5
X__XOX_OO
1 0.5
2 0.5
6 0.5
_X_XOX_OO
0 0.5
2 0.5
6 0.5
__XXOX_OO
0 0.5
1 0.5
6 0.5
OXXXOX_OO
6 0.5
XOXXOX_OO
6 0.5
XXOXOX_OO
6 0.5
XXXOOX_OO
6 0.5
XXX__O_OO
3 0.5
4 0.5
6 0.5
XX_X_O_OO
2 0.5
4 0.5
6 0.5
X_XX_O_OO
1 0.5
4 0.5
6 0.5
_XXX_O_OO
0 0.5
4 0.5
6 0.5
XX__XO_OO
2 0.5
3 0.5
6 0.5
X_X_XO_OO
1 0.5
3 0.5
6 0.5
_XX_XO_OO
0 0.5
3 0.5
6 0.5
X__XXO_OO
1 0.5
2 0.5
6 0.5
_X_XXO_OO
0 0.5
2 0.5
6 0.5
__XXXO_OO
0 0.5
1 0.5
6 0.5
OXXXXO_OO
6 0.5
XOXXXO_OO
6 0.5
XXOXXO_OO
6 0.5
XXXOXO_OO
6 0.5
XXXXOO_OO
6 0.5
X_____XOO
1 0.5
2 0.5
3 0.5
4 0.5
5 0.5
_X____XOO
0 0.5
2 0.5
3 0.5
4 0.5
5 0.5
__X___XOO
0 0.5
1 0.5
3 0.5
4 0.5
5 0.5
OXX___XOO
3 0.5
4 0.5
5 0.5
XOX___XOO
3 0.5
4 0.5
5 0.5
XXO___XOO
3 0.5
4 0.5
5 0.5
___X__XOO
0 0.5
1 0.5
2 0.5
4 0.5
5 0.5
OX_X__XOO
2 0.5
4 0.5
5 0.5
XO_X__XOO
2 0.5
4 0.5
5 0.5
O_XX__XOO
1 0.5
4 0.5
5 0.5
_OXX__XOO
0 0.5
4 0.5
5 0.5
X_OX__XOO
1 0.5
4 0.5
5 0.5
_XOX__XOO
0 0.5
4 0.5
5 0.5
XX_O__XOO
2 0.5
4 0.5
5 0.5
X_XO__XOO
1 0.5
4 0.5
5 0.5
_XXO__XOO
0 0.5
4 0.5
5 0.5
____X_XOO
0 0.5
1 0.5
2 0.5
3 0.5
5 0.5
OX__X_XOO
2 0.5
3 0.5
5 0.5
XO__X_XOO
2 0.5
3 0.5
5 0.5
O_X_X_XOO
1 0.5
3 0.5
5 0.5
_OX_X_XOO
0 0.5
3 0.5
5 0.5
X_O_X_XOO
1 0.5
3 0.5
5 0.5
_XO_X_XOO
0 0.5
3 0.5
5 0.5
O__XX_XOO
1 0.5
2 0.5
5 0.5
_O_XX_XOO
0 0.5
2 0.5
5 0.5
OOXXX_XOO
5 0.5
__OXX_XOO
0 0.5
1 0.5
5 0.5
OXOXX_XOO
5 0.5
XOOXX_XOO
5 0.5
X__OX_XOO
1 0.5
2 0.5
5 0.5
_X_OX_XOO
0 0.5
2 0.5
5 0.5
__XOX_XOO
0 0.5
1 0.5
5 0.5
OXXOX_XOO
5 0.5
XOXOX_XOO
5 0.5
XXOOX_XOO
5 0.5
XX__O_XOO
2 0.5
3 0.5
5 0.5
X_X_O_XOO
1 0.5
3 0.5
5 0.5
_XX_O_XOO
0 0.5
3 0.5
5 0.5
X__XO_XOO
1 0.5
2 0.5
5 0.5
_X_XO_XOO
0 0.5
2 0.5
5 0.5
__XXO_XOO
0 0.5
1 0.5
5 0.5
OXXXO_XOO
5 0.5
XOXXO_XOO
5 0.5
XXOXO_XOO
5 0.5
XXXOO_XOO
5 0.5
_____XXOO
0 0.5
1 0.5
2 0.5
3 0.5
4 0.5
OX___XXOO
2 0.5
3 0.5
4 0.5
XO___XXOO
2 0.5
3 0.5
4 0.5
O_X__XXOO
1 0.5
3 0.5
4 0.5
_OX__XXOO
0 0.5
3 0.5
4 0.5
X_O__XXOO
1 0.5
3 0.5
4 0.5
_XO__XXOO
0 0.5
3 0.5
4 0.5
O__X_XXOO
1 0.5
2 0.5
4 0.5
_O_X_XXOO
0 0.5
2 0.5
4 0.5
OOXX_XXOO
4 0.5
__OX_XXOO
0 0.5
1 0.5
4 0.5
OXOX_XXOO
4 0.5
XOOX_XXOO
4 0.5
X__O_XXOO
1 0.5
2 0.5
4 0.5
_X_O_XXOO
0 0.5
2 0.5
4 0.5
__XO_XXOO
0 0.5
1 0.5
4 0.5
OXXO_XXOO
4 0.5
XOXO_XXOO
4 0.5
XXOO_XXOO
4 0.5
O___XXXOO
1 0.5
2 0.5
3 0.5
_O__XXXOO
0 0.5
2 0.5
3 0.5
OOX_XXXOO
3 0.5
__O_XXXOO
0 0.5
1 0.5
3 0.5
OXO_XXXOO
3 0.5
XOO_XXXOO
3 0.5
OO_XXXXOO
2 0.5
O_OXXXXOO
1 0.5
_OOXXXXOO
0 0.5
___OXXXOO
0 0.5
1 0.5
2 0.5
OX_OXXXOO
2 0.5
XO_OXXXOO
2 0.5
O_XOXXXOO
1 0.5
_OXOXXXOO
0 0.5
X_OOXXXOO
1 0.5
_XOOXXXOO
0 0.5
X___OXXOO
1 0.5
2 0.5
3 0.5
_X__OXXOO
0 0.5
2 0.5
3 0.5
__X_OXXOO
0 0.5
1 0.5
3 0.5
OXX_OXXOO
3 0.5
XOX_OXXOO
3 0.5
XXO_OXXOO
3 0.5
___XOXXOO
0 0.5
1 0.5
2 0.5
OX_XOXXOO
2 0.5
XO_XOXXOO
2 0.5
O_XXOXXOO
1 0.5
_OXXOXXOO
0 0.5
X_OXOXXOO
1 0.5
_XOXOXXOO
0 0.5
XX_OOXXOO
2 0.5
X_XOOXXOO
1 0.5
_XXOOXXOO
0 0.5
XX___OXOO
2 0.5
3 0.5
4 0.5
X_X__OXOO
1 0.5
3 0.5
4 0.5
_XX__OXOO
0 0.5
3 0.5
4 0.5
X__X_OXOO
1 0.5
2 0.5
4 0.5
_X_X_OXOO
0 0.5
2 0.5
4 0.5
__XX_OXOO
0 0.5
1 0.5
4 0.5
OXXX_OXOO
4 0.5
XOXX_OXOO
4 0.5
XXOX_OXOO
4 0.5
XXXO_OXOO
4 0.5
X___XOXOO
1 0.5
2 0.5
3 0.5
_X__XOXOO
0 0.5
2 0.5
3 0.5
__X_XOXOO
0 0.5
1 0.5
3 0.5
OXX_XOXOO
3 0.5
XOX_XOXOO
3 0.5
XXO_XOXOO
3 0.5
___XXOXOO
0 0.5
1 0.5
2 0.5
OX_XXOXOO
2 0.5
XO_XXOXOO
2 0.5
O_XXXOXOO
1 0.5
_OXXXOXOO
0 0.5
X_OXXOXOO
1 0.5
_XOXXOXOO
0 0.5
XX_OXOXOO
2 0.5
X_XOXOXOO
1 0.5
_XXOXOXOO
0 0.5
XXX_OOXOO
3 0.5
XX_XOOXOO
2 0.5
X_XXOOXOO
1 0.5
_XXXOOXOO
0 0.5
XXX___OOO
3 0.5
4 0.5
5 0.5
XX_X__OOO
2 0.5
4 0.5
5 0.5
X_XX__OOO
1 0.5
4 0.5
5 0.5
_XXX__OOO
0 0.5
4 0.5
5 0.5
XX__X_OOO
2 0.5
3 0.5
5 0.5
X_X_X_OOO
1 0.5
3 0.5
5 0.5
_XX_X_OOO
0 0.5
3 0.5
5 0.5
X__XX_OOO
1 0.5
2 0.5
5 0.5
_X_XX_OOO
0 0.5
2 0.5
5 0.5
__XXX_OOO
0 0.5
1 0.5
5 0.5
OXXXX_OOO
5 0.5
XOXXX_OOO
5 0.5
XXOXX_OOO
5 0.5
XXXOX_OOO
5 0.5
XXXXO_OOO
5 0.5
XX___XOOO
2 0.5
3 0.5
4 0.5
X_X__XOOO
1 0.5
3 0.5
4 0.5
_XX__XOOO
0 0.5
3 0.5
4 0.5
X__X_XOOO
1 0.5
2 0.5
4 0.5
_X_X_XOOO
0 0.5
2 0.5
4 0.5
__XX_XOOO
0 0.5
1 0.5
4 0.5
OXXX_XOOO
4 0.5
XOXX_XOOO
4 0.5
XXOX_XOOO
4 0.5
XXXO_XOOO
4 0.5
X___XXOOO
1 0.5
2 0.5
3 0.5
_X__XXOOO
0 0.5
2 0.5
3 0.5
__X_XXOOO
0 0.5
1 0.5
3 0.5
OXX_XXOOO
3 0.5
XOX_XXOOO
3 0.5
XXO_XXOOO
3 0.5
___XXXOOO
0 0.5
1 0.5
2 0.5
OX_XXXOOO
2 0.5
XO_XXXOOO
2 0.5
O_XXXXOOO
1 0.5
_OXXXXOOO
0 0.5
X_OXXXOOO
1 0.5
_XOXXXOOO
0 0.5
XX_OXXOOO
2 0.5
X_XOXXOOO
1 0.5
_XXOXXOOO
0 0.5
XXX_OXOOO
3 0.5
XX_XOXOOO
2 0.5
X_XXOXOOO
1 0.5
_XXXOXOOO
0 0.5
XXXX_OOOO
4 0.5
XXX_XOOOO
3 0.5
XX_XXOOOO
2 0.5
X_XXXOOOO
1 0.5
_XXXXOOOO
0 0.5