X________
1 0.647137
2 0.302103
3 0.581661
4 0.379903
5 0.620374
6 0.267095
7 0.53995
8 0.403646
_X_______
0 0.812543
2 0.5
3 0.575067
4 0.402567
5 0.601855
6 0.559263
7 0.665106
8 0.398658
__X______
0 0.632329
1 0.498989
3 0.486088
4 0.488335
5 0.589564
6 0.364873
7 0.471842
8 0.470754
OXX______
3 0.448425
4 0.65387
5 0.511723
6 0.604758
7 0.604815
8 0.520077
XOX______
3 0.536465
4 0.49581
5 0.706068
6 0.489885
7 0.702497
8 0.464972
XXO______
3 0.944452
4 0.5
5 0.5
6 0.509555
7 0.4998
8 0.560551
___X_____
0 0.625133
1 0.48777
2 0.708719
4 0.5
5 0.569927
6 0.494966
7 0.586289
8 0.473852
OX_X_____
2 0.459046
4 0.758275
5 0.390339
6 0.5
7 0.67881
8 0.489884
XO_X_____
2 0.493708
4 0.477783
5 0.547102
6 0.5
7 0.351941
8 0.406764
O_XX_____
1 0.478279
4 0.553852
5 0.464972
6 0.5
7 0.547581
8 0.486088
_OXX_____
0 0.555539
4 0.44982
5 0.443362
6 0.5
7 0.629442
8 0.496008
X_OX_____
1 0.594286
4 0.4068
5 0.708571
6 0.5
7 0.586971
8 0.605267
_XOX_____
0 0.351624
4 0.441
5 0.460181
6 0.5
7 0.626924
8 0.58133
XX_O_____
2 0.439236
4 0.415993
5 0.471996
6 0.5
7 0.292176
8 0.52577
X_XO_____
1 0.489658
4 0.243023
5 0.363042
6 0.5
7 0.4802
8 0.678268
_XXO_____
0 0.0346918
4 0.5
5 0.5
6 0.5
7 0.392931
8 0.348386
____X____
0 0.119143
1 0.116073
2 0.0859224
3 0.117475
5 0.5
6 0.000998334
7 0.253647
8 0.0539738
OX__X____
2 0.122223
3 0.13575
5 0.418739
6 0.54572
7 0.5
8 0.31903
XO__X____
2 0.706851
3 0.388497
5 0.136022
6 0.3114
7 0.5
8 0.45385
O_X_X____
1 0.457502
3 0.210925
5 0.362751
6 0.45196
7 0.5
8 0.379416
_OX_X____
0 0.265704
3 0.300148
5 0.540819
6 0.4802
7 0.5
8 0.4802
X_O_X____
1 0.345605
3 0.381154
5 0.331443
6 0.401969
7 0.5
8 0.570466
_XO_X____
0 0.278914
3 0.290793
5 0.45479
6 0.341692
7 0.5
8 0.548041
O__XX____
1 0.459413
2 0.262144
5 0.410997
6 0.5
7 0.5
8 0.501889
_O_XX____
0 0.497801
2 0.350066
5 0.305956
6 0.405
7 0.441
8 0.474461
OOXXX____
5 0.476176
6 0.34442
7 0.315355
8 0.5
__OXX____
0 0.353861
1 0.448397
5 0.45
6 0.5
7 0.388962
8 0.587266
OXOXX____
5 0.5
6 0.427902
7 0.441
8 0.45
XOOXX____
5 0.258354
6 0.328006
7 0.4646
8 0.5
X__OX____
1 0.380764
2 0.283513
5 0.293642
6 0.5
7 0.5
8 0.313673
_X_OX____
0 0.60162
2 0.358623
5 0.308592
6 0.5
7 0.5
8 0.468526
__XOX____
0 0.515639
1 0.316375
5 1
6 0.49
7 0.3645
8 0.317861
OXXOX____
5 0.5
6 0.5
7 0.470596
8 0.3645
XOXOX____
5 0.45
6 0.3969
7 0.3645
8 0.470596
XXOOX____
5 0.509423
6 0.444088
7 0.459
8 0.5
XX__O____
2 0.509592
3 0.40079
5 0.462942
6 0.558532
7 0.5
8 0.459614
X_X_O____
1 0.392156
3 0.34215
5 0.405
6 0.621918
7 0.5
8 0.473496
_XX_O____
0 0.606759
3 0.412904
5 0.44982
6 0.450782
7 0.5
8 0.5478
X__XO____
1 0.5202
2 0.329808
5 0.490655
6 0.5
7 0.5
8 0.390431
_X_XO____
0 0.649644
2 0.62346
5 0.476252
6 0.5
7 0.5
8 0.507757
__XXO____
0 0.68597
1 0.466839
5 0.55
6 0.605
7 1
8 0.493826
OXXXO____
5 0.45
6 0.405
7 0.5
8 1
XOXXO____
5 0.5
6 0.45
7 1
8 0.495
XXOXO____
5 0.45
6 0.5
7 0.5
8 0.5
XXXOO____
5 0.510898
6 0.5
7 0.5
8 0.5
_____X___
0 0.723513
1 0.50604
2 0.611125
3 0.404493
4 0.996
6 0.5
7 0.471999
8 0.331188
OX___X___
2 0.483561
3 0.464972
4 0.470561
6 0.72883
7 0.616854
8 0.5
XO___X___
2 0.464071
3 0.34727
4 0.556166
6 0.478279
7 0.513523
8 0.5
O_X__X___
1 0.446228
3 0.566236
4 0.489804
6 0.474271
7 0.69211
8 0.5
_OX__X___
0 0.600109
3 0.476366
4 0.517996
6 0.390587
7 0.586971
8 0.5
X_O__X___
1 0.50947
3 0.4356
4 0.465047
6 0.497801
7 0.501688
8 0.5
_XO__X___
0 0.521623
3 0.508981
4 0.484712
6 0.51
7 0.5202
8 0.5
O__X_X___
1 0.301058
2 0.663639
4 0.495068
6 0.5
7 0.614632
8 0.5
_O_X_X___
0 0.530892
2 0.5
4 0.414776
6 0.5
7 0.541238
8 0.5
OOXX_X___
4 0.483016
6 0.327317
7 0.432008
8 0.5
__OX_X___
0 0.313798
1 0.476366
4 0.441
6 0.5
7 0.610441
8 0.5
OXOX_X___
4 0.45
6 0.5
7 0.405
8 0.3969
XOOX_X___
4 0.462964
6 0.459339
7 0.495889
8 0.5
X__O_X___
1 0.626422
2 0.457069
4 0.513982
6 0.5
7 0.50796
8 0.5
_X_O_X___
0 0.50696
2 0.309923
4 0.476445
6 0.5
7 0.485894
8 0.5
__XO_X___
0 0.479865
1 0.405
4 1
6 0.3969
7 0.529138
8 0.5
OXXO_X___
4 0.456571
6 0.5
7 0.5
8 0.3969
XOXO_X___
4 0.55
6 0.5
7 0.45196
8 0.470596
XXOO_X___
4 0.317841
6 0.330083
7 0.368947
8 0.5
O___XX___
1 0.509388
2 0.264784
3 0.219659
6 0.770653
7 0.5
8 0.5
_O__XX___
0 0.546924
2 0.5
3 0.515431
6 0.40458
7 0.441
8 0.5
OOX_XX___
3 0.41437
6 0.37805
7 0.427014
8 0.495
__O_XX___
0 0.327286
1 0.51543
3 0.40095
6 0.435381
7 0.388962
8 0.5
OXO_XX___
3 0.5
6 0.5
7 0.321489
8 0.45
XOO_XX___
3 0.5
6 0.5
7 0.5
8 0.350066
OO_XXX___
2 0.5
6 0.5
7 0.5
8 0.5
O_OXXX___
1 0.5
6 0.5
7 0.5
8 0.5
_OOXXX___
0 0.676095
6 0.462926
7 0.483756
8 0.5
___OXX___
0 0.493186
1 0.534748
2 0.992016
6 0.49
7 0.55
8 0.5
OX_OXX___
2 0.5
6 0.5
7 0.402696
8 0.45
XO_OXX___
2 0.49
6 0.5
7 0.98
8 0.3645
O_XOXX___
1 0.4802
6 0.45
7 0.539
8 0.49
_OXOXX___
0 0.3645
6 0.5
7 0.415065
8 0.5
X_OOXX___
1 0.5
6 0.441
7 0.45
8 0.49
_XOOXX___
0 0.646208
6 0.628938
7 0.497801
8 0.5
X___OX___
1 0.60258
2 0.631062
3 1
6 0.450227
7 0.5
8 0.5
_X__OX___
0 0.330346
2 0.463357
3 0.65219
6 0.461074
7 0.5
8 0.5
__X_OX___
0 0.885155
1 0.867889
3 0.605
6 0.455489
7 0.5
8 0.5
OXX_OX___
3 0.5
6 0.5
7 0.43659
8 1
XOX_OX___
3 0.5
6 0.5
7 1
8 0.5
XXO_OX___
3 0.614386
6 0.5362
7 0.612173
8 0.5
___XOX___
0 0.770426
1 0.6171
2 0.628938
6 0.539
7 1
8 0.5
OX_XOX___
2 1
6 0.5
7 0.55
8 1
XO_XOX___
2 0.55
6 0.5
7 0.441
8 0.45
O_XXOX___
1 0.55
6 0.388962
7 0.45
8 1
_OXXOX___
0 0.45
6 0.5
7 1
8 0.45
X_OXOX___
1 0.441
6 0.5
7 1
8 0.5
_XOXOX___
0 0.381182
6 0.5
7 0.3969
8 0.405
XX_OOX___
2 0.385073
6 0.5
7 0.343065
8 0.4455
X_XOOX___
1 0.5
6 0.495
7 0.55
8 0.45
_XXOOX___
0 0.408984
6 0.429935
7 0.380878
8 0.5
XX___O___
2 0.478279
3 0.447663
4 0.57165
6 0.513777
7 0.441
8 0.5
X_X__O___
1 0.435381
3 0.329511
4 0.267993
6 0.55
7 0.470408
8 0.5
_XX__O___
0 0.55103
3 0.441
4 0.491672
6 0.398669
7 0.463498
8 0.5
X__X_O___
1 0.479895
2 0.312701
4 0.539505
6 0.5
7 0.43225
8 0.5
_X_X_O___
0 0.466652
2 0.457502
4 0.594005
6 0.5
7 0.499481
8 0.5
__XX_O___
0 0.389794
1 0.476366
4 0.470596
6 0.5
7 0.478088
8 0.5
OXXX_O___
4 1
6 0.5
7 0.5
8 0.49
XOXX_O___
4 0.539
6 0.5
7 0.6655
8 0.43659
XXOX_O___
4 0.45
6 0.5
7 0.5
8 0.5
XXXO_O___
4 0.171814
6 0.101649
7 1
8 0.5
X___XO___
1 0.245903
2 0.32828
3 0.363837
6 0.217257
7 0.5
8 0.5
_X__XO___
0 0.257125
2 0.0799882
3 0.0390393
6 0.335086
7 0.5
8 0.5
__X_XO___
0 0.223221
1 0.22441
3 0.49
6 0.128979
7 0.43218
8 0.5
OXX_XO___
3 0.5
6 0.5
7 0.388962
8 0.236757
XOX_XO___
3 0.5
6 0.5
7 0.4802
8 0.289369
XXO_XO___
3 0.442462
6 0.536124
7 0.852552
8 0.405
___XXO___
0 0.36886
1 0.445739
2 0.451604
6 0.5
7 0.373558
8 0.5
OX_XXO___
2 0.441
6 0.5
7 0.4802
8 0.405
XO_XXO___
2 0.5
6 0.5
7 0.315059
8 0.49
O_XXXO___
1 1
6 0.381183
7 0.470596
8 0.441
_OXXXO___
0 1
6 0.5
7 0.369823
8 0.269601
X_OXXO___
1 0.343065
6 0.392931
7 0.43659
8 0.5
_XOXXO___
0 0.260406
6 0.5
7 0.3645
8 0.284788
XX_OXO___
2 0.156905
6 0.5
7 0.260406
8 0.45
X_XOXO___
1 0.5
6 0.32805
7 0.324769
8 0.441
_XXOXO___
0 0.283581
6 0.5
7 0.5
8 0.5
XXX_OO___
3 0.3969
6 0.5
7 0.49
8 0.441
XX_XOO___
2 0.4802
6 0.5
7 0.539
8 0.35721
X_XXOO___
1 0.5
6 0.45
7 0.49
8 0.5
_XXXOO___
0 0.500612
6 0.5
7 0.5
8 0.5
______X__
0 0.473711
1 0.388083
2 0.471515
3 0.351513
4 0.451443
5 0.342208
7 0.5
8 0.379495
OX____X__
2 0.5
3 0.48258
4 0.374244
5 0.503503
7 0.711681
8 0.513571
XO____X__
2 0.5
3 0.435703
4 0.517969
5 0.487533
7 0.378947
8 0.420154
O_X___X__
1 0.5
3 0.395328
4 0.458523
5 0.457164
7 0.616606
8 0.409941
_OX___X__
0 0.485894
3 0.423536
4 0.398399
5 0.437304
7 0.4994
8 0.349926
X_O___X__
1 0.5
3 0.468493
4 0.560551
5 0.530604
7 0.5202
8 0.560551
_XO___X__
0 0.497602
3 0.457319
4 0.61414
5 0.48804
7 0.478279
8 0.481629
O__X__X__
1 0.5
2 0.669828
4 0.416801
5 0.5
7 0.51
8 0.51
_O_X__X__
0 0.497602
2 0.5
4 0.456571
5 0.5
7 0.371641
8 0.381182
OOXX__X__
4 0.5
5 0.440824
7 0.371641
8 0.5
__OX__X__
0 0.478279
1 0.533451
4 0.5
5 0.4802
7 0.378712
8 0.427687
OXOX__X__
4 0.5
5 0.5
7 0.5
8 0.5
XOOX__X__
4 0.5
5 0.469919
7 0.501888
8 0.5
X__O__X__
1 0.5
2 0.487728
4 0.497602
5 0.5
7 0.804933
8 0.499681
_X_O__X__
0 0.485974
2 0.410105
4 0.425888
5 0.5
7 0.4998
8 0.499235
__XO__X__
0 0.502029
1 0.480008
4 0.5
5 0.5
7 0.430107
8 0.64541
OXXO__X__
4 0.6655
5 0.5
7 0.5
8 0.55
XOXO__X__
4 0.5
5 0.605
7 0.5
8 0.49
XXOO__X__
4 0.5
5 0.292653
7 0.4996
8 0.5
O___X_X__
1 0.5
2 0.33149
3 0.492203
5 0.366003
7 0.5
8 0.396582
_O__X_X__
0 0.610441
2 0.5
3 0.665234
5 0.497602
7 0.5
8 0.48804
OOX_X_X__
3 0.5
5 0.482207
7 0.497602
8 0.5
__O_X_X__
0 0.346565
1 0.702572
3 0.5
5 0.470295
7 0.388962
8 0.45897
OXO_X_X__
3 0.5
5 0.55
7 0.5
8 0.277882
XOO_X_X__
3 0.3969
5 0.55
7 0.5
8 0.3645
OO_XX_X__
2 0.40095
5 0.55
7 1
8 0.5
O_OXX_X__
1 0.5
5 1
7 0.5
8 0.5445
_OOXX_X__
0 1
5 0.348783
7 0.277928
8 0.5
___OX_X__
0 0.298727
1 0.259453
2 0.479702
5 0.5
7 0.373558
8 0.377963
OX_OX_X__
2 0.5
5 0.32805
7 0.321489
8 0.405
XO_OX_X__
2 0.5
5 0.5
7 0.315059
8 0.5
O_XOX_X__
1 0.6655
5 0.5
7 0.5
8 0.5
_OXOX_X__
0 0.49
5 0.45
7 0.5
8 0.5
X_OOX_X__
1 0.5
5 0.4802
7 0.5
8 0.461184
_XOOX_X__
0 0.3969
5 0.476224
7 0.444266
8 0.5
X___O_X__
1 0.5
2 0.525687
3 0.417664
5 0.588166
7 0.5
8 0.571763
_X__O_X__
0 0.556299
2 0.578718
3 0.588166
5 0.536844
7 0.5
8 0.536844
__X_O_X__
0 0.498
1 0.692386
3 0.5
5 0.616854
7 1
8 0.54978
OXX_O_X__
3 0.405
5 0.495
7 0.5
8 0.9604
XOX_O_X__
3 0.5
5 0.73205
7 0.5
8 0.55
XXO_O_X__
3 0.5
5 0.327657
7 0.683836
8 0.5
___XO_X__
0 0.5
1 0.463313
2 0.381183
5 0.55
7 1
8 0.468526
OX_XO_X__
2 1
5 0.5
7 0.5
8 0.5
XO_XO_X__
2 0.5
5 0.5
7 0.5
8 0.605
O_XXO_X__
1 0.5
5 0.4455
7 0.5
8 0.5
_OXXO_X__
0 0.40095
5 0.5
7 0.5
8 0.5
X_OXO_X__
1 0.5
5 0.3969
7 0.5
8 0.5
_XOXO_X__
0 0.55
5 1
7 0.5
8 0.55
XX_OO_X__
2 0.495
5 1
7 0.5
8 0.5
X_XOO_X__
1 0.5
5 0.6655
7 0.5
8 0.4802
_XXOO_X__
0 0.49
5 0.460707
7 0.65702
8 0.5
O____XX__
1 0.5
2 0.640852
3 0.547231
4 0.453923
7 0.601615
8 0.5
_O___XX__
0 0.604273
2 0.5
3 0.547362
4 0.418474
7 0.60948
8 0.5
OOX__XX__
3 0.5
4 0.4998
7 0.489885
8 0.45
__O__XX__
0 0.788205
1 0.590528
3 0.5
4 0.497801
7 0.554296
8 0.5
OXO__XX__
3 0.441
4 0.5
7 0.5
8 0.49
XOO__XX__
3 0.5929
4 0.5
7 0.5
8 0.522938
OO_X_XX__
2 0.3645
4 0.5
7 1
8 0.5
O_OX_XX__
1 0.32805
4 1
7 0.5
8 0.45
_OOX_XX__
0 1
4 0.474461
7 0.497801
8 0.5
___O_XX__
0 0.583238
1 0.478166
2 0.452035
4 0.4802
7 0.485343
8 0.5
OX_O_XX__
2 0.605
4 0.5
7 0.49
8 0.4802
XO_O_XX__
2 0.470596
4 0.5
7 0.5
8 0.388962
O_XO_XX__
1 0.5
4 0.321489
7 0.5
8 0.495
_OXO_XX__
0 0.45
4 0.5
7 0.5
8 0.5
X_OO_XX__
1 0.495
4 0.5
7 0.5
8 0.5
_XOO_XX__
0 0.3969
4 0.5
7 0.5
8 0.360855
OO__XXX__
2 0.5
3 0.5
7 1
8 0.45
O_O_XXX__
1 0.5
3 1
7 0.5
8 0.605
_OO_XXX__
0 1
3 0.5
7 0.382843
8 0.4802
OOOXXXX__
7 0.470596
8 0.5
O__OXXX__
1 0.5
2 0.5929
7 0.539
8 0.5
_O_OXXX__
0 0.292292
2 0.4802
7 0.605
8 0.5
OOXOXXX__
7 0.5
8 0.5
__OOXXX__
0 0.49
1 0.539
7 0.5
8 0.239148
OXOOXXX__
7 0.590292
8 0.5
XOOOXXX__
7 0.5
8 0.651992
____OXX__
0 0.467651
1 0.662043
2 0.517912
3 0.57222
7 1
8 0.5
OX__OXX__
2 1
3 0.5
7 0.539
8 1
XO__OXX__
2 0.6655
3 0.5
7 0.3969
8 0.626363
O_X_OXX__
1 0.49
3 0.55
7 0.5
8 1
_OX_OXX__
0 0.645668
3 0.5
7 0.5
8 0.55
X_O_OXX__
1 1
3 0.5
7 0.5
8 0.5
_XO_OXX__
0 0.626363
3 0.5
7 0.5
8 0.55
O__XOXX__
1 0.5
2 1
7 1
8 1
_O_XOXX__
0 1
2 0.350066
7 0.605
8 0.5
OOXXOXX__
7 0.5
8 0.5
__OXOXX__
0 0.5
1 0.55
7 0.5
8 0.5
OXOXOXX__
7 0.5
8 0.55
XOOXOXX__
7 0.5
8 0.5
X__OOXX__
1 0.49
2 0.49
7 0.49
8 0.4802
_X_OOXX__
0 0.539
2 0.32805
7 1
8 0.5
__XOOXX__
0 0.48804
1 0.5
7 0.5
8 1
OXXOOXX__
7 0.5
8 0.5
XOXOOXX__
7 0.448218
8 0.5
XXOOOXX__
7 0.5
8 0.403356
X____OX__
1 0.5
2 0.491143
3 0.641113
4 0.72883
7 0.478137
8 0.5
_X___OX__
0 0.475795
2 0.430003
3 0.35671
4 0.536415
7 0.601857
8 0.5
__X__OX__
0 0.452892
1 0.419819
3 0.5
4 0.572701
7 0.702872
8 0.5
OXX__OX__
3 0.9
4 0.5
7 0.5
8 0.415109
XOX__OX__
3 0.59895
4 0.5
7 0.5
8 0.311909
XXO__OX__
3 0.5
4 0.44964
7 0.403475
8 0.605
___X_OX__
0 0.513982
1 0.477972
2 0.550735
4 0.5
7 0.370006
8 0.5
OX_X_OX__
2 0.49
4 0.5
7 0.49
8 0.5
XO_X_OX__
2 0.419301
4 0.5
7 0.5
8 0.441
O_XX_OX__
1 0.45
4 0.49
7 0.5
8 0.45
_OXX_OX__
0 0.49
4 0.5
7 0.5
8 0.5
X_OX_OX__
1 0.427858
4 0.5
7 0.5
8 0.5
_XOX_OX__
0 1
4 0.5
7 0.5
8 0.52822
XX_O_OX__
2 0.81
4 0.5
7 0.470596
8 0.5
X_XO_OX__
1 1
4 0.6655
7 0.5
8 0.441
_XXO_OX__
0 0.55
4 0.315124
7 0.341592
8 0.5
____XOX__
0 0.216172
1 0.322942
2 0.698402
3 0.259244
7 0.441045
8 0.5
OX__XOX__
2 0.5
3 0.5
7 0.405
8 0.28934
XO__XOX__
2 0.5
3 0.5
7 0.406764
8 0.266878
O_X_XOX__
1 1
3 0.5
7 0.5
8 0.5
_OX_XOX__
0 1
3 0.5
7 0.5
8 0.480249
X_O_XOX__
1 0.441045
3 0.4851
7 0.5
8 0.632755
_XO_XOX__
0 0.470644
3 0.5
7 0.5
8 0.4455
O__XXOX__
1 0.5
2 0.5
7 0.605
8 0.388962
_O_XXOX__
0 0.9
2 0.45
7 1
8 0.5
OOXXXOX__
7 0.5
8 0.5
__OXXOX__
0 0.757899
1 0.49005
7 0.5
8 0.5
OXOXXOX__
7 0.5
8 0.388962
XOOXXOX__
7 0.3645
8 0.5
X__OXOX__
1 0.5
2 0.3969
7 0.517656
8 0.49
_X_OXOX__
0 0.32805
2 0.5
7 0.43218
8 0.5
__XOXOX__
0 0.5
1 0.239148
7 1
8 0.5
OXXOXOX__
7 0.45
8 0.5
XOXOXOX__
7 0.5
8 0.45
XXOOXOX__
7 0.405
8 0.5
XX__OOX__
2 0.5
3 0.5
7 0.45
8 1
X_X_OOX__
1 0.5
3 0.605
7 0.5
8 1
_XX_OOX__
0 0.65219
3 0.5
7 0.5
8 1
X__XOOX__
1 0.360855
2 0.5
7 0.5
8 0.45
_X_XOOX__
0 0.52822
2 0.5
7 0.81
8 0.55
__XXOOX__
0 0.539
1 0.3969
7 0.5
8 0.5
OXXXOOX__
7 0.5
8 0.5
XOXXOOX__
7 0.5
8 0.5
XXOXOOX__
7 0.487845
8 0.5
XXXOOOX__
7 0.5
8 0.619183
XX____O__
2 0.55
3 0.405518
4 0.833357
5 0.487729
7 0.47069
8 0.41783
X_X___O__
1 0.51
3 0.370428
4 0.55522
5 0.439236
7 0.470673
8 0.4998
_XX___O__
0 0.571992
3 0.607001
4 0.604517
5 0.494604
7 0.395154
8 0.49581
X__X__O__
1 0.5
2 0.466357
4 0.797304
5 0.5
7 0.536844
8 0.4802
_X_X__O__
0 0.516047
2 0.60258
4 0.643939
5 0.5
7 0.626733
8 0.48163
__XX__O__
0 0.489608
1 0.466839
4 0.5
5 0.5
7 0.48804
8 0.48804
OXXX__O__
4 0.605
5 0.5
7 0.5
8 0.4802
XOXX__O__
4 1
5 0.5
7 0.5
8 0.539
XXOX__O__
4 1
5 0.5
7 0.5
8 0.5
XXXO__O__
4 0.5
5 0.447841
7 0.526157
8 0.5
X___X_O__
1 0.5
2 0.432267
3 0.442139
5 0.45934
7 0.5
8 0.333519
_X__X_O__
0 0.396531
2 0.48765
3 0.438972
5 0.484712
7 0.5
8 0.404352
__X_X_O__
0 0.517656
1 0.426844
3 0.5
5 0.814151
7 0.5
8 0.485893
OXX_X_O__
3 0.49005
5 0.45
7 0.5
8 0.9604
XOX_X_O__
3 0.5
5 0.45
7 0.5
8 0.3645
XXO_X_O__
3 0.5
5 0.524702
7 0.473117
8 0.3645
___XX_O__
0 0.523793
1 0.377988
2 0.4482
5 0.4851
7 0.43218
8 0.497285
OX_XX_O__
2 0.32805
5 0.3969
7 0.388962
8 0.427858
XO_XX_O__
2 0.5
5 0.49
7 0.255198
8 0.45
O_XXX_O__
1 0.49
5 0.406764
7 0.5
8 0.405
_OXXX_O__
0 0.495
5 0.49
7 0.5
8 0.388962
X_OXX_O__
1 0.4851
5 0.388962
7 0.5
8 0.441
_XOXX_O__
0 0.5445
5 0.32805
7 0.5
8 0.405
XX_OX_O__
2 0.405
5 0.3969
7 0.405
8 0.441
X_XOX_O__
1 0.5
5 0.419343
7 0.5
8 0.45
_XXOX_O__
0 0.882
5 0.5
7 0.5
8 0.5
XXX_O_O__
3 0.43659
5 0.495
7 0.5
8 0.55
XX_XO_O__
2 0.45
5 0.5
7 0.5
8 0.5
X_XXO_O__
1 0.5
5 0.605
7 0.5
8 0.49
_XXXO_O__
0 0.49
5 0.51
7 0.646984
8 0.5
X____XO__
1 0.5
2 0.568561
3 0.898231
4 0.483834
7 0.672852
8 0.5
_X___XO__
0 0.566744
2 0.355217
3 0.562669
4 0.558309
7 0.569476
8 0.5
__X__XO__
0 0.475067
1 0.331805
3 0.5
4 0.662641
7 0.74433
8 0.5
OXX__XO__
3 0.5929
4 0.5
7 0.5
8 1
XOX__XO__
3 1
4 0.5
7 0.5
8 0.773367
XXO__XO__
3 0.5
4 0.390732
7 0.43906
8 0.461184
___X_XO__
0 0.529993
1 0.485699
2 0.512734
4 0.45
7 0.840952
8 0.5
OX_X_XO__
2 0.59296
4 0.5
7 0.55
8 0.373559
XO_X_XO__
2 0.4455
4 0.5
7 0.581042
8 0.405
O_XX_XO__
1 0.539
4 0.45
7 0.5
8 0.495
_OXX_XO__
0 1
4 0.5
7 0.5
8 0.703061
X_OX_XO__
1 0.703181
4 0.441
7 0.5
8 0.639146
_XOX_XO__
0 0.613898
4 0.5
7 0.5
8 0.45196
XX_O_XO__
2 0.436634
4 0.5
7 0.52822
8 0.45
X_XO_XO__
1 0.495
4 0.5
7 0.5
8 0.5
_XXO_XO__
0 0.5
4 0.460999
7 0.310059
8 0.5
____XXO__
0 0.410587
1 0.458972
2 0.466839
3 0.660213
7 0.392971
8 0.5
OX__XXO__
2 0.59296
3 0.5
7 0.4455
8 1
XO__XXO__
2 0.5
3 0.5
7 0.45
8 0.569421
O_X_XXO__
1 0.539
3 0.45
7 0.5
8 1
_OX_XXO__
0 0.234365
3 0.5
7 0.5
8 0.308758
X_O_XXO__
1 0.5
3 0.381182
7 0.5
8 0.442921
_XO_XXO__
0 0.5445
3 0.5
7 0.5
8 0.3969
O__XXXO__
1 0.5
2 0.5
7 0.5
8 0.5
_O_XXXO__
0 0.5
2 0.5
7 0.5
8 0.5
OOXXXXO__
7 0.5
8 0.5
__OXXXO__
0 0.639146
1 0.5
7 0.5
8 0.5
OXOXXXO__
7 0.5
8 0.441
XOOXXXO__
7 0.539055
8 0.5
X__OXXO__
1 0.55
2 0.442921
7 0.441
8 0.52822
_X_OXXO__
0 1
2 0.5
7 0.4851
8 0.4802
__XOXXO__
0 1
1 0.215233
7 0.239148
8 0.156905
OXXOXXO__
7 0.441
8 0.5
XOXOXXO__
7 0.5
8 0.5445
XXOOXXO__
7 0.405
8 0.5
XX__OXO__
2 0.4802
3 0.5
7 1
8 0.40095
X_X_OXO__
1 0.605
3 0.3969
7 0.5
8 0.388962
_XX_OXO__
0 0.6655
3 0.5
7 0.5
8 0.658845
X__XOXO__
1 0.5
2 0.5
7 1
8 0.605
_X_XOXO__
0 0.688999
2 0.45
7 1
8 0.55
__XXOXO__
0 0.45
1 0.55
7 0.5
8 1
OXXXOXO__
7 0.5
8 0.5
XOXXOXO__
7 1
8 0.5
XXOXOXO__
7 0.5
8 0.5
XXXOOXO__
7 0.6201
8 0.5
XXX__OO__
3 0.427858
4 0.5
7 0.5
8 0.495
XX_X_OO__
2 0.35721
4 0.5
7 0.605
8 0.59895
X_XX_OO__
1 0.48515
4 0.5
7 0.5
8 0.32805
_XXX_OO__
0 0.575232
4 0.5
7 0.5
8 0.12455
XX__XOO__
2 0.405
3 0.5
7 0.234365
8 0.260432
X_X_XOO__
1 1
3 0.3969
7 0.5
8 0.28194
_XX_XOO__
0 0.48515
3 0.5
7 0.5
8 0.30879
X__XXOO__
1 0.5
2 0.4802
7 0.512479
8 0.55
_X_XXOO__
0 0.4802
2 0.5
7 0.190683
8 0.442921
__XXXOO__
0 0.49
1 0.20671
7 1
8 0.19371
OXXXXOO__
7 0.5
8 0.5
XOXXXOO__
7 0.5
8 0.5
XXOXXOO__
7 0.5
8 0.5
XXXOXOO__
7 0.4996
8 0.5
XXXXOOO__
7 0.638788
8 0.5
_______X_
0 0.400627
1 0.439103
2 0.742855
3 0.524175
4 0.668412
5 0.556975
6 0.530629
8 0.5
OX_____X_
2 0.47264
3 0.5
4 0.305098
5 0.610929
6 0.731827
8 0.395154
XO_____X_
2 0.5951
3 0.5
4 0.481515
5 0.495809
6 0.477897
8 0.448498
O_X____X_
1 0.482014
3 0.46115
4 0.517912
5 0.691555
6 0.761321
8 0.468602
_OX____X_
0 0.441012
3 0.5
4 0.55
5 0.50796
6 0.478279
8 0.466839
X_O____X_
1 0.61654
3 0.484028
4 0.427601
5 0.482015
6 0.725915
8 0.59969
_XO____X_
0 0.486198
3 0.5
4 0.633789
5 0.440824
6 0.539051
8 0.438318
O__X___X_
1 0.475682
2 0.644395
4 0.538225
5 0.5
6 0.604816
8 0.534106
_O_X___X_
0 0.533843
2 0.49
4 0.60617
5 0.5
6 0.460523
8 0.476445
OOXX___X_
4 0.791385
5 0.5
6 0.608019
8 0.5
__OX___X_
0 0.511286
1 0.999036
4 0.49
5 0.5
6 0.510296
8 0.610848
OXOX___X_
4 0.5
5 0.5
6 0.5
8 0.5
XOOX___X_
4 0.477942
5 0.5
6 0.497801
8 0.5
X__O___X_
1 0.731586
2 0.472374
4 0.407672
5 0.5
6 0.662838
8 0.657283
_X_O___X_
0 0.875134
2 0.5
4 0.459155
5 0.5
6 0.629191
8 0.46146
__XO___X_
0 0.636082
1 0.425376
4 0.5
5 0.5
6 0.706024
8 0.585581
OXXO___X_
4 0.49005
5 0.507302
6 0.5
8 0.5
XOXO___X_
4 0.605
5 0.52822
6 0.487214
8 0.5
XXOO___X_
4 0.30031
5 0.5
6 0.282316
8 0.5
O___X__X_
1 0.375136
2 0.597769
3 0.270974
5 0.470456
6 0.5
8 0.338306
_O__X__X_
0 1
2 0.45
3 0.664215
5 0.462741
6 0.441
8 0.474082
OOX_X__X_
3 0.164849
5 0.5
6 0.6561
8 0.5
__O_X__X_
0 0.823544
1 0.566103
3 0.5
5 0.303361
6 0.5
8 0.468385
OXO_X__X_
3 0.475398
5 0.35721
6 0.425382
8 0.5
XOO_X__X_
3 0.40095
5 0.5929
6 0.495
8 0.405
OO_XX__X_
2 0.605
5 0.63282
6 0.81
8 0.5
O_OXX__X_
1 0.5
5 1
6 0.40095
8 0.5
_OOXX__X_
0 1
5 0.5
6 0.242066
8 0.5
___OX__X_
0 0.483612
1 0.460522
2 0.405137
5 0.5
6 0.5
8 0.274544
OX_OX__X_
2 0.4455
5 0.441
6 0.5
8 0.5
XO_OX__X_
2 0.3645
5 0.441
6 1
8 0.5
O_XOX__X_
1 0.5
5 0.442921
6 0.6655
8 0.5
_OXOX__X_
0 0.495
5 0.388962
6 0.350066
8 0.5
X_OOX__X_
1 0.5
5 0.470596
6 0.5
8 0.5
_XOOX__X_
0 0.643788
5 0.5
6 0.499682
8 0.5
X___O__X_
1 0.611743
2 0.478358
3 0.631437
5 0.478357
6 0.5
8 0.498
_X__O__X_
0 0.628406
2 0.5
3 0.761394
5 0.662371
6 0.5
8 0.700314
__X_O__X_
0 0.51
1 0.574152
3 0.55
5 0.509796
6 1
8 0.50796
OXX_O__X_
3 0.5
5 0.539
6 0.470596
8 0.55
XOX_O__X_
3 0.5
5 0.605
6 1
8 0.5
XXO_O__X_
3 0.607244
5 0.5
6 0.692386
8 0.73205
___XO__X_
0 0.461644
1 0.580959
2 0.78915
5 0.5
6 1
8 0.48804
OX_XO__X_
2 1
5 0.4802
6 0.605
8 0.5
XO_XO__X_
2 0.5929
5 0.539
6 0.5
8 0.5
O_XXO__X_
1 0.45
5 0.4802
6 0.49
8 0.5
_OXXO__X_
0 0.581042
5 0.5
6 1
8 0.5
X_OXO__X_
1 0.5
5 0.522938
6 1
8 0.5
_XOXO__X_
0 0.626363
5 1
6 0.539
8 0.5
XX_OO__X_
2 0.5
5 1
6 0.605
8 0.5
X_XOO__X_
1 0.5
5 1
6 0.55
8 0.5
_XXOO__X_
0 1
5 0.5
6 0.621422
8 0.5
O____X_X_
1 0.485777
2 0.55363
3 0.608563
4 0.728539
6 0.585344
8 0.5
_O___X_X_
0 0.520045
2 0.5
3 0.672852
4 0.48395
6 0.448352
8 0.5
OOX__X_X_
3 0.773367
4 0.5
6 0.48395
8 0.3969
__O__X_X_
0 0.701257
1 0.833236
3 0.495
4 0.446379
6 0.706234
8 0.5
OXO__X_X_
3 0.514713
4 0.5
6 0.5
8 0.4851
XOO__X_X_
3 0.55
4 0.5
6 0.522938
8 0.4802
OO_X_X_X_
2 0.419301
4 0.5
6 1
8 0.5
O_OX_X_X_
1 0.648482
4 1
6 0.5929
8 0.5
_OOX_X_X_
0 1
4 0.5
6 0.509674
8 0.5
___O_X_X_
0 0.782536
1 0.485894
2 0.996
4 0.5
6 0.534747
8 0.5
OX_O_X_X_
2 0.577739
4 0.5
6 0.351591
8 0.5
XO_O_X_X_
2 0.5
4 0.5
6 1
8 0.5
O_XO_X_X_
1 0.49
4 0.45
6 0.5
8 0.5
_OXO_X_X_
0 0.581042
4 0.5
6 0.507303
8 0.5
X_OO_X_X_
1 0.44744
4 0.5
6 0.5
8 0.5
_XOO_X_X_
0 0.423536
4 0.5
6 0.4851
8 0.5
OO__XX_X_
2 0.6655
3 0.5
6 0.81
8 0.73205
O_O_XX_X_
1 0.5
3 1
6 0.470596
8 0.5
_OO_XX_X_
0 1
3 0.5
6 0.4802
8 0.5929
OOOXXX_X_
6 0.4802
8 0.5
O__OXX_X_
1 1
2 0.65219
6 0.517709
8 0.5
_O_OXX_X_
0 0.447441
2 0.5
6 0.522938
8 0.5
OOXOXX_X_
6 0.5
8 0.5
__OOXX_X_
0 0.55
1 0.55
6 0.239148
8 0.5
OXOOXX_X_
6 0.755316
8 0.5
XOOOXX_X_
6 1
8 0.5
____OX_X_
0 0.773131
1 0.468713
2 0.51
3 0.513982
6 1
8 0.5
OX__OX_X_
2 1
3 0.5
6 0.605
8 0.605
XO__OX_X_
2 0.55
3 0.5
6 0.72473
8 0.5
O_X_OX_X_
1 0.4802
3 0.55
6 0.441
8 0.73205
_OX_OX_X_
0 0.605
3 0.5
6 1
8 0.49
X_O_OX_X_
1 1
3 0.5
6 1
8 0.605
_XO_OX_X_
0 0.52822
3 0.5
6 0.67522
8 0.605
O__XOX_X_
1 0.3645
2 0.55
6 1
8 0.5
_O_XOX_X_
0 1
2 0.5
6 0.5929
8 0.5
OOXXOX_X_
6 0.9
8 0.5
__OXOX_X_
0 0.6655
1 0.605
6 1
8 0.5
OXOXOX_X_
6 0.514712
8 0.5
XOOXOX_X_
6 0.49
8 0.5
X__OOX_X_
1 0.55
2 0.434063
6 0.5929
8 0.5
_X_OOX_X_
0 1
2 0.5
6 1
8 0.5
__XOOX_X_
0 0.9
1 0.5
6 0.295245
8 0.5
OXXOOX_X_
6 0.5
8 0.5
XOXOOX_X_
6 0.517119
8 0.5
XXOOOX_X_
6 0.507554
8 0.5
X____O_X_
1 0.539052
2 0.439209
3 0.71523
4 0.496921
6 0.491655
8 0.5
_X___O_X_
0 0.495413
2 0.5
3 0.508002
4 0.804612
6 0.601857
8 0.5
__X__O_X_
0 0.490625
1 0.483834
3 0.45
4 0.688285
6 0.426188
8 0.5
OXX__O_X_
3 0.941192
4 0.5
6 0.4802
8 0.575232
XOX__O_X_
3 0.55
4 0.5
6 0.5
8 0.5929
XXO__O_X_
3 0.541088
4 0.5
6 0.54082
8 0.45
___X_O_X_
0 0.748913
1 0.498
2 0.643085
4 0.5
6 0.54321
8 0.5
OX_X_O_X_
2 0.46589
4 0.5
6 0.43218
8 0.5
XO_X_O_X_
2 0.539
4 0.5
6 0.441
8 0.5
O_XX_O_X_
1 1
4 0.49
6 0.5
8 0.5
_OXX_O_X_
0 1
4 0.5
6 0.5
8 0.5
X_OX_O_X_
1 0.78915
4 0.3969
6 0.495
8 0.5
_XOX_O_X_
0 0.847073
4 0.5
6 0.4802
8 0.5
XX_O_O_X_
2 0.9
4 0.5
6 0.36772
8 0.5
X_XO_O_X_
1 1
4 0.517656
6 0.405
8 0.5
_XXO_O_X_
0 0.100775
4 0.5
6 0.117885
8 0.5
____XO_X_
0 0.242634
1 0.4552
2 0.519092
3 0.265837
6 0.5
8 0.5
OX__XO_X_
2 0.388962
3 0.5
6 0.4802
8 0.5
XO__XO_X_
2 0.3969
3 0.5
6 0.336237
8 0.388962
O_X_XO_X_
1 1
3 0.45196
6 0.470596
8 0.43659
_OX_XO_X_
0 0.49
3 0.5
6 0.55809
8 0.3969
X_O_XO_X_
1 0.512479
3 0.522938
6 0.5
8 0.360855
_XO_XO_X_
0 0.55
3 0.5
6 0.3969
8 0.5
O__XXO_X_
1 0.5
2 0.581042
6 0.290632
8 0.5
_O_XXO_X_
0 0.373558
2 0.5
6 1
8 0.5
OOXXXO_X_
6 1
8 0.5
__OXXO_X_
0 0.434107
1 0.507303
6 0.32805
8 0.5
OXOXXO_X_
6 0.295245
8 0.5
XOOXXO_X_
6 0.5
8 0.5
X__OXO_X_
1 0.283553
2 0.423536
6 0.339634
8 0.5
_X_OXO_X_
0 0.45
2 0.5
6 0.216171
8 0.5
__XOXO_X_
0 0.321489
1 0.366088
6 0.295245
8 0.5
OXXOXO_X_
6 0.46589
8 0.5
XOXOXO_X_
6 0.495
8 0.5
XXOOXO_X_
6 0.441
8 0.5
XX__OO_X_
2 0.55
3 0.5
6 0.605
8 1
X_X_OO_X_
1 0.461184
3 0.539
6 0.45
8 1
_XX_OO_X_
0 0.5929
3 0.5
6 0.52822
8 1
X__XOO_X_
1 0.49
2 0.43218
6 0.626363
8 0.5
_X_XOO_X_
0 0.286447
2 0.5
6 1
8 0.5
__XXOO_X_
0 1
1 0.5
6 1
8 0.5
OXXXOO_X_
6 0.5
8 0.5
XOXXOO_X_
6 0.5
8 0.5
XXOXOO_X_
6 0.678105
8 0.5
XXXOOO_X_
6 0.55
8 0.5
O_____XX_
1 0.5
2 0.400336
3 0.558756
4 0.489884
5 0.522728
8 0.49363
_O____XX_
0 0.475559
2 0.350066
3 0.439647
4 0.414734
5 0.359533
8 0.406764
OOX___XX_
3 0.5
4 0.5
5 0.562631
8 0.350066
__O___XX_
0 0.480249
1 0.623858
3 0.5
4 0.43225
5 0.37972
8 0.495
OXO___XX_
3 0.318274
4 0.441
5 0.5
8 0.32805
XOO___XX_
3 0.605
4 0.441
5 0.5
8 0.5
OO_X__XX_
2 0.539055
4 0.5445
5 1
8 0.5
O_OX__XX_
1 0.441
4 0.55
5 0.5
8 0.5
_OOX__XX_
0 1
4 0.5
5 0.526157
8 0.5
___O__XX_
0 0.460339
1 0.34019
2 0.362897
4 0.5
5 0.346565
8 0.46538
OX_O__XX_
2 0.539
4 0.558032
5 0.45
8 0.5
XO_O__XX_
2 0.53361
4 0.405
5 0.441
8 0.5
O_XO__XX_
1 0.402697
4 0.49
5 0.5
8 0.5
_OXO__XX_
0 0.475398
4 0.605
5 0.5
8 0.5
X_OO__XX_
1 0.4455
4 0.55
5 0.5
8 0.5
_XOO__XX_
0 0.441
4 0.215233
5 0.5
8 0.5
OO__X_XX_
2 0.6655
3 0.495
5 1
8 0.45
O_O_X_XX_
1 0.5
3 1
5 0.5
8 0.43659
_OO_X_XX_
0 1
3 0.5
5 0.405
8 0.495
OOOXX_XX_
5 0.5
8 0.405
O__OX_XX_
1 0.5
2 0.40095
5 0.321489
8 0.5
_O_OX_XX_
0 0.605
2 0.5
5 0.360855
8 0.5
OOXOX_XX_
5 0.5
8 0.292292
__OOX_XX_
0 0.569421
1 0.20671
5 0.5
8 0.5
OXOOX_XX_
5 0.592426
8 0.5
XOOOX_XX_
5 0.5
8 0.5
____O_XX_
0 0.382919
1 0.423198
2 0.551599
3 0.399187
5 1
8 0.247494
OX__O_XX_
2 1
3 0.45
5 0.52822
8 0.53361
XO__O_XX_
2 0.4802
3 0.495
5 0.3645
8 0.45
O_X_O_XX_
1 0.442921
3 0.392931
5 0.5
8 0.49005
_OX_O_XX_
0 0.658845
3 0.5
5 0.5
8 0.405
X_O_O_XX_
1 0.5
3 0.32805
5 0.5
8 0.4802
_XO_O_XX_
0 0.522938
3 0.405
5 0.5
8 0.5
O__XO_XX_
1 0.5
2 0.495
5 1
8 0.5
_O_XO_XX_
0 0.98
2 0.5
5 0.45
8 0.26572
OOXXO_XX_
5 0.5
8 0.45
__OXO_XX_
0 0.5
1 0.405
5 0.5
8 0.32805
OXOXO_XX_
5 0.5
8 0.5
XOOXO_XX_
5 0.5
8 1
X__OO_XX_
1 0.605
2 0.9
5 0.441
8 0.5
_X_OO_XX_
0 0.73205
2 1
5 1
8 0.5
__XOO_XX_
0 0.495
1 1
5 0.5
8 1
OXXOO_XX_
5 0.605
8 1
XOXOO_XX_
5 0.5
8 0.5
XXOOO_XX_
5 0.398629
8 0.5
OO___XXX_
2 0.626363
3 0.5
4 1
8 0.45
O_O__XXX_
1 0.415065
3 1
4 0.5
8 0.539
_OO__XXX_
0 1
3 0.5
4 0.408537
8 0.45
OOOX_XXX_
4 0.5
8 0.5
O__O_XXX_
1 0.405
2 0.49
4 0.353638
8 0.5
_O_O_XXX_
0 0.321489
2 0.5
4 0.261541
8 0.5
OOXO_XXX_
4 0.350066
8 0.5
__OO_XXX_
0 0.321489
1 0.405
4 0.405
8 0.5
OXOO_XXX_
4 0.239148
8 0.5
XOOO_XXX_
4 0.5
8 0.5
OOO_XXXX_
3 1
8 0.5
OO_OXXXX_
2 1
8 0.5
O_OOXXXX_
1 0.5
8 1
_OOOXXXX_
0 1
8 0.5
O___OXXX_
1 0.5
2 0.45
3 1
8 0.3969
_O__OXXX_
0 1
2 0.26572
3 0.55
8 0.405
OOX_OXXX_
3 0.45
8 0.5
__O_OXXX_
0 1
1 0.40095
3 1
8 0.45
OXO_OXXX_
3 0.174339
8 0.174339
XOO_OXXX_
3 1
8 0.5
OO_XOXXX_
2 0.605
8 0.5
O_OXOXXX_
1 1
8 1
_OOXOXXX_
0 1
8 0.5
___OOXXX_
0 0.43659
1 0.45
2 1
8 0.5
OX_OOXXX_
2 0.5
8 0.5
XO_OOXXX_
2 0.5
8 0.5
O_XOOXXX_
1 0.5
8 0.32805
_OXOOXXX_
0 0.26572
8 0.5
X_OOOXXX_
1 0.505928
8 0.215233
_XOOOXXX_
0 0.3645
8 0.5
_____OXX_
0 0.41835
1 0.333273
2 0.400789
3 0.352082
4 0.479865
8 0.5
OX___OXX_
2 0.442966
3 0.5
4 0.45
8 0.5929
XO___OXX_
2 0.4455
3 0.5
4 0.405
8 0.4851
O_X__OXX_
1 1
3 0.272326
4 0.5
8 0.4455
_OX__OXX_
0 0.9
3 0.5
4 0.5
8 0.45
X_O__OXX_
1 0.507355
3 0.350066
4 0.5
8 0.5
_XO__OXX_
0 0.3969
3 0.5
4 0.5
8 0.49005
O__X_OXX_
1 0.405
2 0.35721
4 0.280718
8 0.5
_O_X_OXX_
0 0.98
2 0.5
4 1
8 0.5
OOXX_OXX_
4 0.45
8 0.5
__OX_OXX_
0 0.5929
1 0.55
4 0.26572
8 0.5
OXOX_OXX_
4 0.5
8 0.5
XOOX_OXX_
4 1
8 0.5
X__O_OXX_
1 1
2 0.43218
4 0.495
8 0.5
_X_O_OXX_
0 0.891
2 0.5
4 0.239148
8 0.5
__XO_OXX_
0 1
1 0.49
4 1
8 0.5
OXXO_OXX_
4 1
8 0.5
XOXO_OXX_
4 0.5
8 0.5
XXOO_OXX_
4 0.475398
8 0.5
O___XOXX_
1 0.5
2 0.45
3 0.5
8 0.405
_O__XOXX_
0 0.45
2 0.5
3 1
8 0.3645
OOX_XOXX_
3 1
8 0.5
__O_XOXX_
0 0.9
1 0.55
3 0.26572
8 0.3645
OXO_XOXX_
3 1
8 0.127093
XOO_XOXX_
3 1
8 0.5
OO_XXOXX_
2 0.239148
8 0.5
O_OXXOXX_
1 0.5
8 1
_OOXXOXX_
0 1
8 0.5
___OXOXX_
0 0.405
1 0.405
2 0.295245
8 0.5
OX_OXOXX_
2 1
8 0.5
XO_OXOXX_
2 0.5
8 0.5
O_XOXOXX_
1 0.5
8 0.5
_OXOXOXX_
0 0.392931
8 0.5
X_OOXOXX_
1 0.5
8 0.26572
_XOOXOXX_
0 0.5
8 0.5
X___OOXX_
1 0.5929
2 0.495
3 0.55
8 1
_X__OOXX_
0 0.4455
2 0.5
3 1
8 1
__X_OOXX_
0 0.45
1 0.5
3 1
8 1
OXX_OOXX_
3 0.4455
8 1
XOX_OOXX_
3 1
8 1
XXO_OOXX_
3 0.5
8 0.5
___XOOXX_
0 0.174339
1 0.5
2 0.9
8 0.5
OX_XOOXX_
2 0.5
8 0.5
XO_XOOXX_
2 1
8 0.5
O_XXOOXX_
1 0.5
8 0.3645
_OXXOOXX_
0 0.405
8 0.5
X_OXOOXX_
1 0.5
8 0.5
_XOXOOXX_
0 0.295245
8 0.5
XX_OOOXX_
2 0.5
8 0.5
X_XOOOXX_
1 0.47264
8 0.5
_XXOOOXX_
0 0.5
8 0.5
X_____OX_
1 0.5
2 0.482093
3 0.390393
4 0.505807
5 0.538835
8 0.466354
_X____OX_
0 0.440294
2 0.5
3 0.646312
4 0.445917
5 0.607244
8 0.338828
__X___OX_
0 0.691945
1 0.46589
3 0.5
4 0.609237
5 0.422237
8 0.48804
OXX___OX_
3 0.495
4 0.5
5 0.5
8 1
XOX___OX_
3 1
4 0.49
5 0.5
8 0.5
XXO___OX_
3 0.49
4 0.5
5 0.567117
8 0.45
___X__OX_
0 0.646466
1 0.466465
2 0.718969
4 0.5
5 0.67881
8 0.480278
OX_X__OX_
2 0.517656
4 0.4802
5 0.59895
8 0.5
XO_X__OX_
2 0.487214
4 0.4802
5 0.52822
8 0.5
O_XX__OX_
1 0.507303
4 0.461184
5 0.5
8 0.5
_OXX__OX_
0 1
4 0.73205
5 0.5
8 0.5
X_OX__OX_
1 0.9
4 0.517708
5 0.5
8 0.5
_XOX__OX_
0 0.43659
4 0.5
5 0.5
8 0.5
XX_O__OX_
2 0.49
4 0.423536
5 0.5929
8 0.5
X_XO__OX_
1 0.59895
4 0.388962
5 0.5
8 0.5
_XXO__OX_
0 1
4 0.5
5 0.430451
8 0.5
____X_OX_
0 0.450394
1 0.475604
2 0.361301
3 0.656302
5 0.5
8 0.313654
OX__X_OX_
2 0.299557
3 0.441
5 0.5
8 0.5
XO__X_OX_
2 0.49
3 0.717409
5 0.423536
8 0.315059
O_X_X_OX_
1 0.581042
3 0.517656
5 0.5
8 1
_OX_X_OX_
0 0.5
3 0.45
5 0.5
8 0.55
X_O_X_OX_
1 0.415065
3 0.4802
5 0.5
8 0.35721
_XO_X_OX_
0 0.405
3 0.423536
5 0.5
8 0.5
O__XX_OX_
1 0.5
2 0.45196
5 0.213081
8 0.5
_O_XX_OX_
0 0.32805
2 0.5
5 0.272353
8 0.5
OOXXX_OX_
5 0.295245
8 0.475398
__OXX_OX_
0 0.35721
1 0.19371
5 0.5
8 0.5
OXOXX_OX_
5 0.5
8 0.5
XOOXX_OX_
5 0.5
8 0.49
X__OX_OX_
1 0.5929
2 0.441
5 0.49
8 0.5
_X_OX_OX_
0 0.5
2 0.392931
5 0.5
8 0.5
__XOX_OX_
0 1
1 0.239148
5 0.5
8 0.5
OXXOX_OX_
5 0.343064
8 0.5
XOXOX_OX_
5 0.5
8 0.5
XXOOX_OX_
5 0.4802
8 0.539055
XX__O_OX_
2 0.415065
3 0.605
5 1
8 0.586971
X_X_O_OX_
1 0.55
3 0.49
5 0.5
8 0.52822
_XX_O_OX_
0 0.805255
3 0.5929
5 0.5
8 0.49
X__XO_OX_
1 0.805255
2 0.688999
5 1
8 0.5
_X_XO_OX_
0 0.55
2 0.5
5 1
8 0.5
__XXO_OX_
0 0.73205
1 0.5
5 0.5
8 0.5
OXXXO_OX_
5 0.5
8 0.5
XOXXO_OX_
5 0.5
8 0.5
XXOXO_OX_
5 0.512749
8 0.5
XXXOO_OX_
5 0.5
8 0.5
_____XOX_
0 0.890915
1 0.551909
2 0.491852
3 0.519819
4 0.494307
8 0.5
OX___XOX_
2 0.828947
3 0.5
4 0.5445
8 1
XO___XOX_
2 0.717409
3 0.5
4 0.487214
8 0.49
O_X__XOX_
1 0.375186
3 0.5
4 0.5
8 1
_OX__XOX_
0 0.599115
3 0.5
4 0.5
8 0.539
X_O__XOX_
1 1
3 0.49
4 0.5
8 0.434063
_XO__XOX_
0 0.512531
3 0.5
4 0.5
8 0.539055
O__X_XOX_
1 0.717409
2 0.475398
4 0.360855
8 0.5
_O_X_XOX_
0 0.321489
2 0.5
4 0.189835
8 0.5
OOXX_XOX_
4 1
8 0.5
__OX_XOX_
0 1
1 0.586971
4 1
8 0.5
OXOX_XOX_
4 0.5
8 0.5
XOOX_XOX_
4 0.376349
8 0.5
X__O_XOX_
1 0.601559
2 0.461184
4 0.525216
8 0.5
_X_O_XOX_
0 1
2 0.5
4 0.4455
8 0.5
__XO_XOX_
0 1
1 0.49
4 0.141214
8 0.5
OXXO_XOX_
4 1
8 0.5
XOXO_XOX_
4 0.5
8 0.5
XXOO_XOX_
4 0.229678
8 0.5
O___XXOX_
1 0.5
2 0.357246
3 0.213081
8 1
_O__XXOX_
0 0.4851
2 1
3 0.475447
8 0.639146
OOX_XXOX_
3 0.32805
8 0.5
__O_XXOX_
0 0.49005
1 0.35721
3 0.5
8 0.55
OXO_XXOX_
3 0.5
8 0.127093
XOO_XXOX_
3 0.5
8 0.5
OO_XXXOX_
2 0.45
8 0.5
O_OXXXOX_
1 0.5
8 0.5
_OOXXXOX_
0 0.5
8 0.5
___OXXOX_
0 1
1 0.5
2 0.4802
8 0.5
OX_OXXOX_
2 0.102946
8 0.5
XO_OXXOX_
2 0.5
8 0.5
O_XOXXOX_
1 0.5
8 0.5
_OXOXXOX_
0 1
8 0.5
X_OOXXOX_
1 0.5
8 0.0675429
_XOOXXOX_
0 0.6655
8 0.5
X___OXOX_
1 0.6655
2 0.55
3 1
8 0.55
_X__OXOX_
0 1
2 0.5
3 1
8 0.55
__X_OXOX_
0 0.539
1 1
3 0.5
8 0.441
OXX_OXOX_
3 0.6655
8 0.19371
XOX_OXOX_
3 1
8 0.5
XXO_OXOX_
3 0.5
8 0.5
___XOXOX_
0 1
1 0.55
2 1
8 0.5
OX_XOXOX_
2 1
8 0.5
XO_XOXOX_
2 0.5
8 0.5
O_XXOXOX_
1 0.19371
8 0.26572
_OXXOXOX_
0 0.156905
8 0.5
X_OXOXOX_
1 0.405
8 0.5
_XOXOXOX_
0 1
8 0.5
XX_OOXOX_
2 0.475398
8 0.5
X_XOOXOX_
1 0.5
8 0.19371
_XXOOXOX_
0 1
8 0.5
XX___OOX_
2 0.4851
3 0.5
4 0.6655
8 0.5
X_X__OOX_
1 0.472694
3 0.49
4 0.5
8 0.405
_XX__OOX_
0 0.648548
3 0.5
4 0.5
8 0.3645
X__X_OOX_
1 0.581042
2 0.5
4 0.6655
8 0.5
_X_X_OOX_
0 0.5
2 0.5
4 0.272353
8 0.5
__XX_OOX_
0 0.5
1 0.5
4 1
8 0.5
OXXX_OOX_
4 1
8 0.5
XOXX_OOX_
4 0.522283
8 0.5
XXOX_OOX_
4 0.5
8 0.5
XXXO_OOX_
4 0.5
8 0.5
X___XOOX_
1 0.250094
2 0.3969
3 0.20882
8 0.358766
_X__XOOX_
0 0.5
2 0.5
3 0.5
8 0.5
__X_XOOX_
0 0.45
1 0.4802
3 0.5
8 0.441
OXX_XOOX_
3 0.441045
8 0.156905
XOX_XOOX_
3 0.5
8 0.5
XXO_XOOX_
3 0.5
8 0.5
___XXOOX_
0 0.470596
1 0.4802
2 0.114384
8 0.5
OX_XXOOX_
2 1
8 0.5
XO_XXOOX_
2 0.5
8 0.5
O_XXXOOX_
1 0.5
8 0.5
_OXXXOOX_
0 0.174339
8 0.5
X_OXXOOX_
1 0.5
8 0.215233
_XOXXOOX_
0 0.5
8 0.5
XX_OXOOX_
2 0.26572
8 0.5
X_XOXOOX_
1 0.295245
8 0.0926514
_XXOXOOX_
0 0.215233
8 0.5
XXX_OOOX_
3 1
8 0.5
XX_XOOOX_
2 0.5
8 0.5
X_XXOOOX_
1 0.34725
8 0.5
_XXXOOOX_
0 0.37427
8 0.5
XX_____O_
2 0.58953
3 0.5
4 0.598686
5 0.501688
6 0.401605
8 0.399975
X_X____O_
1 0.552948
3 0.562165
4 0.385702
5 0.421842
6 0.479816
8 0.466652
_XX____O_
0 0.4947
3 0.5
4 0.519755
5 0.354215
6 0.368673
8 0.4482
X__X___O_
1 0.666627
2 0.383225
4 0.576344
5 0.5
6 0.43218
8 0.459339
_X_X___O_
0 0.605582
2 0.5
4 0.756751
5 0.5
6 0.511394
8 0.49581
__XX___O_
0 0.447915
1 0.517656
4 0.507303
5 0.5
6 0.830766
8 0.453667
OXXX___O_
4 1
5 0.605
6 0.5
8 0.5
XOXX___O_
4 0.339634
5 0.415065
6 0.605
8 0.5
XXOX___O_
4 0.5
5 0.5
6 0.5
8 0.5
XXXO___O_
4 0.438686
5 0.5
6 0.73634
8 0.5
X___X__O_
1 0.659193
2 0.370465
3 0.609526
5 0.292969
6 0.5
8 0.182224
_X__X__O_
0 0.478279
2 0.5
3 0.376905
5 0.486088
6 0.5
8 0.472374
__X_X__O_
0 0.376919
1 0.313885
3 0.605
5 0.240808
6 0.432268
8 0.376305
OXX_X__O_
3 0.6655
5 0.28934
6 0.377371
8 0.35721
XOX_X__O_
3 0.5
5 0.4455
6 0.53361
8 0.3645
XXO_X__O_
3 0.42756
5 0.5
6 0.44933
8 0.49
___XX__O_
0 0.232574
1 0.308864
2 0.36302
5 0.5
6 0.497157
8 0.414842
OX_XX__O_
2 0.3969
5 0.405
6 0.266878
8 0.5
XO_XX__O_
2 0.3645
5 0.5
6 0.52822
8 0.5
O_XXX__O_
1 0.405
5 0.343065
6 0.350066
8 0.5
_OXXX__O_
0 0.277882
5 0.495
6 0.377371
8 0.5
X_OXX__O_
1 0.475398
5 0.302583
6 0.4802
8 0.5
_XOXX__O_
0 0.3969
5 0.405
6 0.495
8 0.5
XX_OX__O_
2 0.405
5 0.32805
6 0.308758
8 0.5
X_XOX__O_
1 0.5
5 0.350066
6 0.55
8 0.5
_XXOX__O_
0 0.605
5 0.5
6 0.5
8 0.5
XXX_O__O_
3 0.5
5 0.4802
6 0.45
8 0.5
XX_XO__O_
2 0.452006
5 0.381183
6 0.470596
8 0.5
X_XXO__O_
1 0.5
5 1
6 0.405
8 0.5
_XXXO__O_
0 0.669892
5 0.5
6 0.519281
8 0.5
X____X_O_
1 0.567198
2 0.653806
3 0.485894
4 0.470484
6 0.675283
8 0.5
_X___X_O_
0 0.304497
2 0.5
3 0.605503
4 0.486088
6 0.507433
8 0.5
__X__X_O_
0 0.482197
1 0.760711
3 0.5
4 0.3074
6 0.664968
8 0.5
OXX__X_O_
3 1
4 0.5
6 0.517656
8 0.475398
XOX__X_O_
3 0.569421
4 0.5
6 0.558033
8 0.405
XXO__X_O_
3 0.448862
4 0.5
6 0.427074
8 0.5
___X_X_O_
0 0.43789
1 0.533396
2 0.504698
4 0.5
6 0.804371
8 0.5
OX_X_X_O_
2 1
4 0.5
6 0.533665
8 0.5
XO_X_X_O_
2 0.59296
4 0.5
6 0.4851
8 0.5
O_XX_X_O_
1 1
4 0.419301
6 0.55
8 0.5
_OXX_X_O_
0 0.39867
4 0.5
6 0.59296
8 0.5
X_OX_X_O_
1 0.4455
4 0.45
6 0.45
8 0.5
_XOX_X_O_
0 0.402697
4 0.5
6 0.5
8 0.5
XX_O_X_O_
2 0.405
4 0.5
6 0.595544
8 0.5
X_XO_X_O_
1 0.441
4 0.495
6 0.45
8 0.5
_XXO_X_O_
0 0.239441
4 0.5
6 0.321103
8 0.5
____XX_O_
0 0.276893
1 0.357389
2 0.270512
3 0.483563
6 0.406764
8 0.5
OX__XX_O_
2 0.49005
3 0.5
6 0.377371
8 0.55
XO__XX_O_
2 0.405
3 0.5
6 0.37741
8 0.388962
O_X_XX_O_
1 0.4802
3 0.5
6 0.517709
8 0.5445
_OX_XX_O_
0 0.321489
3 0.5
6 0.3645
8 0.35721
X_O_XX_O_
1 0.5
3 0.336203
6 0.3969
8 0.441
_XO_XX_O_
0 0.5
3 0.5
6 0.5
8 0.49
O__XXX_O_
1 0.5
2 0.5
6 0.5
8 0.5
_O_XXX_O_
0 0.5
2 0.5
6 0.5
8 0.5
OOXXXX_O_
6 0.5
8 0.5
__OXXX_O_
0 0.47747
1 0.5
6 0.5
8 0.5
OXOXXX_O_
6 0.366125
8 0.5
XOOXXX_O_
6 0.4802
8 0.5
X__OXX_O_
1 0.539
2 0.423536
6 0.410958
8 0.5
_X_OXX_O_
0 1
2 0.5
6 0.318274
8 0.5
__XOXX_O_
0 0.191773
1 0.405
6 0.405
8 0.5
OXXOXX_O_
6 0.43218
8 0.5
XOXOXX_O_
6 0.575232
8 0.5
XXOOXX_O_
6 0.495
8 0.5
XX__OX_O_
2 0.5445
3 0.5
6 0.605
8 0.405
X_X_OX_O_
1 0.45
3 1
6 0.49
8 0.480249
_XX_OX_O_
0 0.52822
3 0.5
6 0.605
8 0.45
X__XOX_O_
1 0.6655
2 1
6 0.72473
8 0.5
_X_XOX_O_
0 0.360855
2 0.5
6 1
8 0.5
__XXOX_O_
0 0.81
1 0.5
6 0.239148
8 0.5
OXXXOX_O_
6 0.5
8 0.5
XOXXOX_O_
6 0.5
8 0.5
XXOXOX_O_
6 0.5
8 0.5
XXXOOX_O_
6 0.3645
8 0.5
XXX__O_O_
3 0.35721
4 0.5
6 0.441
8 0.5
XX_X_O_O_
2 0.305671
4 0.5
6 0.441
8 0.5
X_XX_O_O_
1 0.441045
4 0.5929
6 0.405
8 0.5
_XXX_O_O_
0 0.150692
4 0.5
6 0.234365
8 0.5
XX__XO_O_
2 0.15223
3 0.5
6 0.394682
8 0.229678
X_X_XO_O_
1 0.43659
3 0.198523
6 0.21095
8 0.405
_XX_XO_O_
0 0.703061
3 0.5
6 0.78923
8 0.175099
X__XXO_O_
1 0.5
2 0.24019
6 0.668467
8 0.5
_X_XXO_O_
0 0.260406
2 0.5
6 0.379092
8 0.5
__XXXO_O_
0 0.215233
1 0.461184
6 0.531441
8 0.5
OXXXXO_O_
6 0.5
8 0.5
XOXXXO_O_
6 0.5
8 0.5
XXOXXO_O_
6 0.5
8 0.5
XXXOXO_O_
6 0.345882
8 0.5
XXXXOO_O_
6 0.5
8 0.5
X_____XO_
1 0.5
2 0.486088
3 0.479816
4 0.476366
5 0.513523
8 0.49
_X____XO_
0 0.50796
2 0.5
3 0.382316
4 0.48804
5 0.486088
8 0.49
__X___XO_
0 0.358765
1 0.497039
3 0.5
4 0.478279
5 0.470596
8 0.426844
OXX___XO_
3 0.9
4 0.539055
5 0.5
8 0.373559
XOX___XO_
3 0.5
4 0.5
5 0.5
8 0.441
XXO___XO_
3 0.5
4 0.5
5 0.341693
8 0.4802
___X__XO_
0 0.489608
1 0.529528
2 0.435554
4 0.5
5 0.426019
8 0.380878
OX_X__XO_
2 0.245092
4 0.5
5 0.5
8 0.5
XO_X__XO_
2 0.318274
4 0.45
5 0.5
8 0.5
O_XX__XO_
1 1
4 0.381182
5 0.5
8 0.5
_OXX__XO_
0 0.470596
4 0.5
5 0.5
8 0.5
X_OX__XO_
1 0.406764
4 0.5
5 0.5
8 0.5
_XOX__XO_
0 0.45
4 0.49
5 0.5
8 0.5
XX_O__XO_
2 0.28934
4 0.3969
5 0.5
8 0.5
X_XO__XO_
1 0.32805
4 0.388962
5 0.5
8 0.5
_XXO__XO_
0 0.315059
4 0.5
5 0.228575
8 0.5
____X_XO_
0 0.395289
1 0.180252
2 0.447961
3 0.336485
5 0.43218
8 0.381183
OX__X_XO_
2 0.5
3 0.239148
5 0.5
8 0.49
XO__X_XO_
2 0.5
3 0.5
5 0.381182
8 0.3969
O_X_X_XO_
1 0.339634
3 0.5
5 0.5
8 0.5
_OX_X_XO_
0 0.78915
3 0.32805
5 0.5
8 0.5
X_O_X_XO_
1 0.277882
3 0.336203
5 0.5
8 0.425382
_XO_X_XO_
0 0.215233
3 0.45
5 0.5
8 0.4802
O__XX_XO_
1 0.5
2 0.3431
5 0.295245
8 0.5
_O_XX_XO_
0 0.239148
2 0.5
5 0.19371
8 0.5
OOXXX_XO_
5 0.5
8 0.539
__OXX_XO_
0 0.423536
1 0.3645
5 0.5
8 0.5
OXOXX_XO_
5 0.5
8 0.5
XOOXX_XO_
5 0.49
8 0.20671
X__OX_XO_
1 0.5
2 0.164087
5 0.4802
8 0.5
_X_OX_XO_
0 0.5
2 0.5
5 0.5
8 0.5
__XOX_XO_
0 0.5
1 0.5
5 0.5
8 0.5
OXXOX_XO_
5 0.45
8 0.156905
XOXOX_XO_
5 0.5
8 0.5
XXOOX_XO_
5 0.3645
8 0.32805
XX__O_XO_
2 0.5
3 0.45
5 0.5
8 0.4802
X_X_O_XO_
1 0.5
3 0.98
5 0.5
8 0.528274
_XX_O_XO_
0 0.475398
3 0.5
5 0.5
8 0.5
X__XO_XO_
1 0.5
2 0.405
5 0.5
8 0.5
_X_XO_XO_
0 0.6655
2 0.45
5 1
8 0.5
__XXO_XO_
0 0.5
1 1
5 0.5
8 0.5
OXXXO_XO_
5 0.498
8 0.5
XOXXO_XO_
5 0.5
8 0.5
XXOXO_XO_
5 0.432222
8 0.5
XXXOO_XO_
5 0.5
8 0.5
_____XXO_
0 0.380318
1 0.524003
2 0.4996
3 0.478357
4 0.51584
8 0.5
OX___XXO_
2 1
3 0.5
4 0.470596
8 0.5
XO___XXO_
2 0.48515
3 0.5
4 0.350066
8 0.4802
O_X__XXO_
1 1
3 0.43659
4 0.5
8 0.350066
_OX__XXO_
0 0.217112
3 0.5
4 0.5
8 0.392931
X_O__XXO_
1 0.366088
3 0.4455
4 0.5
8 0.5
_XO__XXO_
0 0.522938
3 0.5
4 0.5
8 0.5
O__X_XXO_
1 1
2 0.645668
4 0.239148
8 0.5
_O_X_XXO_
0 0.26572
2 0.5
4 1
8 0.5
OOXX_XXO_
4 0.4455
8 0.5
__OX_XXO_
0 0.49
1 0.45
4 0.5
8 0.5
OXOX_XXO_
4 0.5
8 0.5
XOOX_XXO_
4 0.558033
8 0.5
X__O_XXO_
1 0.416874
2 0.49
4 0.461184
8 0.5
_X_O_XXO_
0 0.227381
2 0.5
4 0.239148
8 0.5
__XO_XXO_
0 0.9
1 0.3969
4 0.405
8 0.5
OXXO_XXO_
4 0.45
8 0.5
XOXO_XXO_
4 0.5
8 0.5
XXOO_XXO_
4 0.255198
8 0.5
O___XXXO_
1 0.5
2 0.45
3 0.5
8 0.4802
_O__XXXO_
0 0.30879
2 0.5
3 0.366125
8 0.358765
OOX_XXXO_
3 0.19371
8 0.5
__O_XXXO_
0 0.569421
1 0.507303
3 0.5
8 0.49
OXO_XXXO_
3 0.5
8 0.156905
XOO_XXXO_
3 0.5
8 0.5
OO_XXXXO_
2 0.415065
8 0.5
O_OXXXXO_
1 0.32805
8 0.5
_OOXXXXO_
0 0.3645
8 0.5
___OXXXO_
0 0.5
1 0.4802
2 0.49
8 0.5
OX_OXXXO_
2 0.405
8 0.5
XO_OXXXO_
2 0.5
8 0.5
O_XOXXXO_
1 0.5
8 0.5
_OXOXXXO_
0 0.441
8 0.5
X_OOXXXO_
1 0.5
8 0.19371
_XOOXXXO_
0 0.558033
8 0.5
X___OXXO_
1 0.65219
2 1
3 0.49
8 0.4802
_X__OXXO_
0 0.4802
2 0.5
3 1
8 0.5
__X_OXXO_
0 0.539055
1 1
3 0.405
8 0.45
OXX_OXXO_
3 0.495
8 0.5
XOX_OXXO_
3 1
8 0.5
XXO_OXXO_
3 0.5
8 0.5
___XOXXO_
0 0.605
1 1
2 1
8 0.5
OX_XOXXO_
2 0.5
8 0.5
XO_XOXXO_
2 0.3645
8 0.5
O_XXOXXO_
1 0.239148
8 1
_OXXOXXO_
0 0.239148
8 0.5
X_OXOXXO_
1 0.32805
8 0.5
_XOXOXXO_
0 0.5
8 0.5
XX_OOXXO_
2 0.388962
8 0.5
X_XOOXXO_
1 0.5
8 1
_XXOOXXO_
0 0.357246
8 0.5
XX___OXO_
2 0.423623
3 0.5
4 0.470644
8 0.49
X_X__OXO_
1 0.5
3 0.441
4 0.5
8 0.315059
_XX__OXO_
0 0.46589
3 0.5
4 0.5
8 0.45
X__X_OXO_
1 0.3645
2 0.5
4 0.5
8 0.5
_X_X_OXO_
0 0.539
2 0.5
4 0.40095
8 0.5
__XX_OXO_
0 0.5
1 0.55
4 0.5
8 0.5
OXXX_OXO_
4 0.5
8 0.5
XOXX_OXO_
4 0.167435
8 0.5
XXOX_OXO_
4 0.5
8 0.5
XXXO_OXO_
4 1
8 0.5
X___XOXO_
1 0.5
2 0.156905
3 0.176884
8 0.283553
_X__XOXO_
0 0.4802
2 0.5
3 0.470596
8 0.382843
__X_XOXO_
0 0.5
1 0.5
3 1
8 0.5
OXX_XOXO_
3 0.480249
8 0.5
XOX_XOXO_
3 0.26572
8 0.156905
XXO_XOXO_
3 0.5
8 0.5
___XXOXO_
0 0.5
1 0.423536
2 0.40095
8 0.5
OX_XXOXO_
2 0.5
8 0.5
XO_XXOXO_
2 1
8 0.5
O_XXXOXO_
1 0.174339
8 0.5
_OXXXOXO_
0 0.5
8 0.5
X_OXXOXO_
1 0.5
8 0.5
_XOXXOXO_
0 0.114384
8 0.5
XX_OXOXO_
2 0.5
8 0.5
X_XOXOXO_
1 0.5
8 0.5
_XXOXOXO_
0 0.45
8 0.5
XXX_OOXO_
3 0.5
8 0.5
XX_XOOXO_
2 0.5
8 0.5
X_XXOOXO_
1 0.5
8 0.5
_XXXOOXO_
0 1
8 0.5
XXX___OO_
3 0.950796
4 0.40095
5 0.5
8 0.5
XX_X__OO_
2 1
4 0.4455
5 0.717409
8 0.5
X_XX__OO_
1 1
4 0.517708
5 0.5
8 0.5
_XXX__OO_
0 1
4 0.295245
5 0.5
8 0.5
XX__X_OO_
2 1
3 0.283553
5 0.4851
8 0.3645
X_X_X_OO_
1 1
3 0.497258
5 0.5
8 0.53361
_XX_X_OO_
0 1
3 0.750321
5 0.5
8 0.55
X__XX_OO_
1 0.5
2 0.396941
5 0.5929
8 0.5
_X_XX_OO_
0 0.9
2 0.470596
5 1
8 0.5
__XXX_OO_
0 0.5
1 0.156905
5 1
8 0.5
OXXXX_OO_
5 0.5
8 0.156905
XOXXX_OO_
5 0.5
8 0.5
XXOXX_OO_
5 1
8 0.5
XXXOX_OO_
5 0.5
8 0.5
XXXXO_OO_
5 1
8 0.5
XX___XOO_
2 0.729
3 0.5
4 0.868065
8 0.3969
X_X__XOO_
1 1
3 0.52822
4 0.5
8 0.45
_XX__XOO_
0 0.8019
3 0.5
4 0.5
8 0.405
X__X_XOO_
1 0.98
2 0.710308
4 0.682109
8 0.5
_X_X_XOO_
0 1
2 0.5
4 1
8 0.5
__XX_XOO_
0 1
1 0.4455
4 1
8 0.5
OXXX_XOO_
4 1
8 0.5
XOXX_XOO_
4 1
8 0.5
XXOX_XOO_
4 0.5
8 0.5
XXXO_XOO_
4 0.5
8 0.5
X___XXOO_
1 0.5
2 0.43659
3 0.45
8 0.405
_X__XXOO_
0 1
2 0.5
3 1
8 0.6655
__X_XXOO_
0 0.405
1 1
3 1
8 0.329512
OXX_XXOO_
3 0.5
8 0.0833863
XOX_XXOO_
3 0.5
8 0.295245
XXO_XXOO_
3 0.5
8 0.5
___XXXOO_
0 0.5
1 0.5
2 0.5
8 0.5
OX_XXXOO_
2 0.5
8 0.5
XO_XXXOO_
2 0.5
8 0.5
O_XXXXOO_
1 1
8 0.5
_OXXXXOO_
0 1
8 0.5
X_OXXXOO_
1 1
8 0.5
_XOXXXOO_
0 0.239148
8 0.5
XX_OXXOO_
2 1
8 0.5
X_XOXXOO_
1 1
8 0.0750477
_XXOXXOO_
0 1
8 0.5
XXX_OXOO_
3 1
8 0.5
XX_XOXOO_
2 0.5
8 0.5
X_XXOXOO_
1 1
8 1
_XXXOXOO_
0 0.531441
8 0.5
XXXX_OOO_
4 1
8 0.5
XXX_XOOO_
3 0.32805
8 0.5
XX_XXOOO_
2 0.5
8 0.5
X_XXXOOO_
1 0.5
8 0.114384
_XXXXOOO_
0 0.49
8 0.5
________X
0 0.529455
1 0.354278
2 0.428571
3 0.320703
4 0.468719
5 0.332272
6 0.439981
7 0.323011
OX______X
2 0.3007
3 0.418392
4 0.495891
5 0.641561
6 0.497403
7 0.49788
XO______X
2 0.416714
3 0.372065
4 0.383609
5 0.384639
6 0.483756
7 0.461
O_X_____X
1 0.466465
3 0.353227
4 0.5
5 0.43659
6 0.483756
7 0.511927
_OX_____X
0 0.44913
3 0.487025
4 0.5
5 0.439061
6 0.531476
7 0.485505
X_O_____X
1 0.778857
3 0.436091
4 0.5
5 0.40338
6 0.725624
7 0.487845
_XO_____X
0 0.497365
3 0.491457
4 0.5
5 0.497801
6 0.569286
7 0.491654
O__X____X
1 0.55546
2 0.548499
4 0.50796
5 0.5
6 0.51
7 0.466839
_O_X____X
0 0.543044
2 0.5
4 0.530003
5 0.45
6 0.589821
7 0.46879
OOXX____X
4 1
5 0.564171
6 0.5
7 0.5
__OX____X
0 0.549158
1 0.527375
4 0.45196
5 0.5
6 0.737176
7 0.443065
OXOX____X
4 0.4455
5 0.470596
6 0.405
7 0.55
XOOX____X
4 0.281159
5 0.408982
6 0.5
7 0.5
X__O____X
1 0.533791
2 0.33564
4 0.433639
5 0.5
6 0.614632
7 0.489299
_X_O____X
0 0.53796
2 0.256295
4 0.5
5 0.5
6 0.553135
7 0.504548
__XO____X
0 0.4851
1 0.419132
4 1
5 0.45
6 0.433716
7 0.560776
OXXO____X
4 0.405
5 0.55
6 0.5
7 0.49
XOXO____X
4 0.5
5 0.55
6 0.53361
7 0.45
XXOO____X
4 0.913259
5 0.40697
6 0.5
7 0.5
O___X___X
1 0.257692
2 0.145672
3 0.571572
5 0.665234
6 0.5
7 0.4503
_O__X___X
0 0.688514
2 0.45
3 0.269493
5 0.413613
6 0.5
7 0.31903
OOX_X___X
3 0.381468
5 0.274419
6 0.5
7 0.4851
__O_X___X
0 0.561715
1 0.230678
3 0.315059
5 0.294164
6 0.5
7 0.314012
OXO_X___X
3 0.5
5 0.5
6 0.5
7 0.405
XOO_X___X
3 0.5
5 0.470596
6 0.539
7 0.405
OO_XX___X
2 0.5
5 0.648482
6 1
7 0.3645
O_OXX___X
1 0.5
5 1
6 0.321489
7 0.405
_OOXX___X
0 0.772794
5 0.0824734
6 0.5
7 0.5
___OX___X
0 0.965806
1 0.335933
2 0.881647
5 0.4802
6 0.5
7 0.217759
OX_OX___X
2 0.5
5 0.5
6 0.5
7 0.5
XO_OX___X
2 0.5
5 0.55
6 1
7 0.45
O_XOX___X
1 0.5
5 0.32805
6 0.5
7 0.32805
_OXOX___X
0 0.45
5 0.5
6 0.5
7 0.5
X_OOX___X
1 0.5
5 0.441
6 0.432224
7 0.45
_XOOX___X
0 0.61138
5 0.534483
6 0.5
7 0.5
X___O___X
1 0.530604
2 0.451386
3 0.639146
5 0.525896
6 0.5
7 0.54978
_X__O___X
0 0.499282
2 0.330185
3 0.558756
5 0.580578
6 0.5
7 0.616606
__X_O___X
0 0.432397
1 0.432931
3 0.5929
5 0.350066
6 0.5
7 0.57222
OXX_O___X
3 0.5
5 0.605
6 0.28934
7 1
XOX_O___X
3 0.5
5 0.49
6 1
7 0.5445
XXO_O___X
3 0.57222
5 0.761089
6 0.5
7 0.55
___XO___X
0 0.485505
1 0.592189
2 0.672519
5 0.5
6 0.5
7 0.475985
OX_XO___X
2 0.5
5 0.55
6 0.6655
7 1
XO_XO___X
2 0.5
5 0.5
6 0.4455
7 0.385072
O_XXO___X
1 0.5
5 0.4455
6 0.5
7 1
_OXXO___X
0 0.441
5 0.4851
6 1
7 0.5
X_OXO___X
1 0.5
5 0.366088
6 1
7 0.539
_XOXO___X
0 0.49
5 1
6 0.4851
7 0.49
XX_OO___X
2 0.5
5 1
6 0.495
7 0.55
X_XOO___X
1 0.5
5 0.9
6 0.215233
7 0.3645
_XXOO___X
0 0.415827
5 0.496638
6 0.5
7 0.5
O____X__X
1 0.531971
2 0.326054
3 0.4998
4 0.61863
6 0.356782
7 0.5
_O___X__X
0 0.421362
2 0.5
3 0.497801
4 0.36
6 0.428729
7 0.5
OOX__X__X
3 0.555906
4 0.470408
6 0.5
7 0.5
__O__X__X
0 0.590292
1 0.55
3 0.5
4 0.477897
6 0.560643
7 0.5
OXO__X__X
3 0.639146
4 0.5
6 0.43218
7 0.541402
XOO__X__X
3 0.805255
4 0.5
6 0.40095
7 0.658845
OO_X_X__X
2 0.55
4 0.5
6 0.7938
7 0.5
O_OX_X__X
1 0.55
4 1
6 0.55
7 0.59296
_OOX_X__X
0 0.651993
4 0.385856
6 0.5
7 0.5
___O_X__X
0 0.546761
1 0.379658
2 0.967512
4 0.398629
6 0.439236
7 0.5
OX_O_X__X
2 0.423536
4 0.5
6 0.317811
7 0.3645
XO_O_X__X
2 0.5
4 0.5
6 0.45
7 0.5
O_XO_X__X
1 0.5
4 0.5
6 0.5
7 0.5
_OXO_X__X
0 0.539
4 0.5
6 0.388962
7 0.5
X_OO_X__X
1 0.5929
4 0.470596
6 0.5
7 0.49
_XOO_X__X
0 0.55
4 0.5
6 0.528328
7 0.432224
OO__XX__X
2 0.5
3 0.5
6 1
7 0.423536
O_O_XX__X
1 0.5
3 0.5
6 0.405
7 0.73205
_OO_XX__X
0 1
3 0.55
6 0.5
7 0.4455
OOOXXX__X
6 0.5
7 0.5
O__OXX__X
1 0.5
2 0.6655
6 0.495
7 0.279093
_O_OXX__X
0 0.710308
2 0.260406
6 0.495
7 0.5
OOXOXX__X
6 1
7 0.5
__OOXX__X
0 0.5
1 0.3645
6 0.5
7 0.5
OXOOXX__X
6 0.5
7 0.5
XOOOXX__X
6 0.432758
7 0.384766
____OX__X
0 0.388962
1 0.636438
2 0.618172
3 0.305943
6 0.5
7 0.5
OX__OX__X
2 0.5
3 0.5
6 0.632755
7 0.9
XO__OX__X
2 0.4996
3 0.5
6 0.5
7 0.470596
O_X_OX__X
1 0.5
3 0.5
6 0.5
7 0.5
_OX_OX__X
0 0.5
3 0.5
6 1
7 0.55
X_O_OX__X
1 0.5
3 0.517656
6 0.5
7 0.461184
_XO_OX__X
0 0.52822
3 0.5
6 0.586971
7 0.59895
O__XOX__X
1 0.5
2 0.55
6 0.605
7 1
_O_XOX__X
0 1
2 0.605
6 0.605
7 0.5
OOXXOX__X
6 1
7 0.5
__OXOX__X
0 0.6655
1 0.605
6 1
7 1
OXOXOX__X
6 0.441
7 0.5
XOOXOX__X
6 0.5
7 0.5
X__OOX__X
1 0.5
2 0.5
6 0.65219
7 0.3645
_X_OOX__X
0 0.423536
2 0.5
6 0.539
7 0.5
__XOOX__X
0 1
1 0.5
6 0.5
7 0.5
OXXOOX__X
6 0.5
7 0.5
XOXOOX__X
6 0.5
7 0.5
XXOOOX__X
6 0.317628
7 0.344361
X____O__X
1 0.491263
2 0.382815
3 0.313707
4 0.399681
6 0.592662
7 0.5
_X___O__X
0 0.439351
2 0.459305
3 0.474081
4 0.495612
6 0.567651
7 0.5
__X__O__X
0 0.487728
1 0.479432
3 0.55
4 0.512702
6 0.479816
7 0.5
OXX__O__X
3 0.55
4 0.5
6 0.441
7 0.699061
XOX__O__X
3 0.65219
4 0.5
6 0.40095
7 0.321489
XXO__O__X
3 0.455746
4 0.44638
6 0.5
7 0.470596
___X_O__X
0 0.434134
1 0.475794
2 0.48804
4 0.5
6 0.462817
7 0.5
OX_X_O__X
2 0.392931
4 0.5
6 0.4802
7 0.495
XO_X_O__X
2 0.5
4 0.5
6 0.3969
7 0.4802
O_XX_O__X
1 0.55
4 0.49
6 0.49
7 0.65219
_OXX_O__X
0 0.5
4 0.5
6 0.495
7 0.45
X_OX_O__X
1 0.65219
4 0.45
6 0.581042
7 0.470596
_XOX_O__X
0 0.4802
4 0.5
6 0.45
7 0.49
XX_O_O__X
2 1
4 0.5
6 0.436634
7 0.55
X_XO_O__X
1 0.5
4 0.5
6 0.357246
7 0.32805
_XXO_O__X
0 5.05754e-05
4 0.00327901
6 0.5
7 0.5
____XO__X
0 0.400017
1 0.20777
2 0.229427
3 0.139528
6 0.5
7 0.5
OX__XO__X
2 0.5
3 0.5
6 0.308758
7 0.43218
XO__XO__X
2 0.5
3 0.5
6 0.605
7 0.343064
O_X_XO__X
1 0.5
3 0.381183
6 0.373558
7 0.307001
_OX_XO__X
0 0.43218
3 0.5
6 0.5
7 0.321489
X_O_XO__X
1 0.5
3 0.5
6 0.28934
7 0.4802
_XO_XO__X
0 0.441
3 0.5
6 0.5
7 0.381183
O__XXO__X
1 0.5
2 0.150692
6 0.329512
7 0.406764
_O_XXO__X
0 0.336202
2 0.28934
6 0.389002
7 0.5
OOXXXO__X
6 0.19371
7 0.5
__OXXO__X
0 0.49
1 0.55
6 0.5
7 0.5
OXOXXO__X
6 0.5
7 0.5
XOOXXO__X
6 0.5
7 0.5
X__OXO__X
1 0.5
2 0.5
6 0.389002
7 0.441
_X_OXO__X
0 0.7938
2 0.26572
6 0.208536
7 0.257425
__XOXO__X
0 0.366126
1 0.32805
6 0.5
7 0.5
OXXOXO__X
6 0.5
7 0.5
XOXOXO__X
6 0.45
7 0.3969
XXOOXO__X
6 0.5
7 0.5
XX__OO__X
2 0.5
3 0.5
6 0.45
7 1
X_X_OO__X
1 0.5
3 0.55
6 0.45
7 1
_XX_OO__X
0 0.55
3 0.5
6 0.55
7 1
X__XOO__X
1 0.5
2 0.45
6 0.475398
7 0.4802
_X_XOO__X
0 0.4802
2 0.5
6 0.49
7 0.5929
__XXOO__X
0 1
1 0.39694
6 0.5
7 1
OXXXOO__X
6 0.5
7 0.5
XOXXOO__X
6 0.5
7 0.5
XXOXOO__X
6 0.5
7 0.5
XXXOOO__X
6 0.49
7 0.485894
O_____X_X
1 0.5
2 0.671127
3 0.542993
4 0.354194
5 0.308808
7 0.433813
_O____X_X
0 0.3969
2 0.423536
3 0.484712
4 0.51648
5 0.475208
7 0.442135
OOX___X_X
3 0.5
4 0.476176
5 0.5
7 0.3645
__O___X_X
0 0.402696
1 0.396782
3 0.5
4 0.5
5 0.480008
7 0.338964
OXO___X_X
3 0.5
4 0.3645
5 0.5
7 0.382844
XOO___X_X
3 0.4802
4 0.43218
5 0.5
7 0.480249
OO_X__X_X
2 0.4802
4 0.405
5 1
7 0.55
O_OX__X_X
1 0.45
4 0.405
5 0.5
7 0.55
_OOX__X_X
0 1
4 0.515718
5 0.5
7 0.5
___O__X_X
0 0.2659
1 0.415065
2 0.437628
4 0.4802
5 0.455307
7 0.343065
OX_O__X_X
2 0.59895
4 0.405
5 0.441
7 0.45
XO_O__X_X
2 0.495
4 0.539
5 0.441
7 0.43218
O_XO__X_X
1 0.45
4 0.360855
5 0.5
7 0.423536
_OXO__X_X
0 0.295245
4 0.5
5 0.5
7 0.45
X_OO__X_X
1 0.5
4 0.45
5 0.5
7 0.5
_XOO__X_X
0 0.45
4 0.360855
5 0.5
7 0.55
OO__X_X_X
2 0.5
3 0.45
5 1
7 0.605
O_O_X_X_X
1 0.5
3 1
5 0.5
7 0.49005
_OO_X_X_X
0 1
3 0.5
5 0.5
7 0.5
OOOXX_X_X
5 0.5
7 0.405
O__OX_X_X
1 0.5
2 0.441
5 0.5
7 0.45
_O_OX_X_X
0 0.49
2 0.3969
5 0.539
7 0.5
OOXOX_X_X
5 0.5
7 0.32289
__OOX_X_X
0 0.388962
1 0.480249
5 0.5
7 0.32805
OXOOX_X_X
5 0.5
7 0.49
XOOOX_X_X
5 0.5
7 0.54978
____O_X_X
0 0.297769
1 0.522728
2 0.335607
3 0.428118
5 0.5
7 0.65219
OX__O_X_X
2 0.5
3 0.55
5 0.441
7 0.43218
XO__O_X_X
2 0.5
3 0.366088
5 0.350066
7 0.441
O_X_O_X_X
1 0.5
3 0.377371
5 0.5
7 1
_OX_O_X_X
0 0.405
3 0.43659
5 0.5
7 0.495
X_O_O_X_X
1 0.5
3 0.475398
5 0.5
7 0.402696
_XO_O_X_X
0 0.3645
3 0.470596
5 0.5
7 0.539
O__XO_X_X
1 0.5
2 0.9
5 0.5
7 1
_O_XO_X_X
0 0.55
2 0.441045
5 0.4455
7 0.26572
OOXXO_X_X
5 0.5
7 0.45
__OXO_X_X
0 0.5
1 0.405
5 0.5
7 0.3645
OXOXO_X_X
5 0.5
7 0.5
XOOXO_X_X
5 0.5
7 1
X__OO_X_X
1 0.5
2 1
5 0.260406
7 0.4802
_X_OO_X_X
0 0.350066
2 0.9
5 0.55
7 0.495
__XOO_X_X
0 0.315059
1 0.9
5 0.5
7 1
OXXOO_X_X
5 0.5
7 1
XOXOO_X_X
5 0.5
7 0.73205
XXOOO_X_X
5 0.40095
7 0.5
OO___XX_X
2 0.441
3 0.5
4 1
7 0.539055
O_O__XX_X
1 0.5
3 1
4 0.5
7 0.495
_OO__XX_X
0 0.5
3 0.4802
4 0.5
7 0.45
OOOX_XX_X
4 0.45
7 0.5
O__O_XX_X
1 0.45
2 0.392971
4 0.388962
7 0.390656
_O_O_XX_X
0 0.405
2 0.49
4 0.49
7 0.5
OOXO_XX_X
4 0.32805
7 0.5
__OO_XX_X
0 0.315059
1 0.369824
4 0.295245
7 0.32805
OXOO_XX_X
4 0.5
7 0.3645
XOOO_XX_X
4 0.5
7 0.5
OOO_XXX_X
3 1
7 0.26572
OO_OXXX_X
2 0.5
7 0.5
O_OOXXX_X
1 0.5
7 1
_OOOXXX_X
0 1
7 0.5
O___OXX_X
1 0.5
2 0.40095
3 0.539
7 1
_O__OXX_X
0 0.405
2 0.5
3 0.49
7 0.441
OOX_OXX_X
3 0.5
7 0.5
__O_OXX_X
0 0.4851
1 1
3 0.5
7 0.98
OXO_OXX_X
3 0.5
7 0.295245
XOO_OXX_X
3 1
7 0.5
OO_XOXX_X
2 0.5
7 0.5
O_OXOXX_X
1 0.5
7 0.81
_OOXOXX_X
0 1
7 0.19371
___OOXX_X
0 0.28934
1 0.350066
2 0.441
7 1
OX_OOXX_X
2 0.295245
7 0.5
XO_OOXX_X
2 0.5
7 0.5
O_XOOXX_X
1 0.5
7 0.5
_OXOOXX_X
0 0.5
7 0.5
X_OOOXX_X
1 0.5
7 0.19371
_XOOOXX_X
0 0.405
7 0.521329
_____OX_X
0 0.414124
1 0.421842
2 0.442921
3 0.481227
4 0.498
7 0.5
OX___OX_X
2 0.45
3 0.5
4 0.3969
7 0.377371
XO___OX_X
2 0.475398
3 0.5
4 0.45
7 0.350066
O_X__OX_X
1 0.441045
3 0.366089
4 0.5
7 0.742742
_OX__OX_X
0 0.18418
3 0.5
4 0.5
7 0.283553
X_O__OX_X
1 0.410915
3 0.5
4 0.5
7 0.308758
_XO__OX_X
0 0.45
3 0.5
4 0.5
7 0.441
O__X_OX_X
1 0.405
2 0.324769
4 0.4802
7 0.517656
_O_X_OX_X
0 0.366126
2 0.441
4 0.174339
7 0.5
OOXX_OX_X
4 0.3969
7 0.5
__OX_OX_X
0 0.45
1 0.405
4 0.32805
7 0.5
OXOX_OX_X
4 0.5
7 0.441
XOOX_OX_X
4 1
7 0.5
X__O_OX_X
1 1
2 0.405
4 0.5
7 0.497156
_X_O_OX_X
0 0.922368
2 0.156905
4 0.43218
7 0.55
__XO_OX_X
0 0.9
1 0.3645
4 1
7 0.45
OXXO_OX_X
4 1
7 0.5
XOXO_OX_X
4 0.5
7 0.3969
XXOO_OX_X
4 0.5
7 0.5
O___XOX_X
1 0.5
2 0.35721
3 0.35721
7 0.257425
_O__XOX_X
0 0.350066
2 0.3969
3 0.35721
7 0.32805
OOX_XOX_X
3 0.5
7 0.5
__O_XOX_X
0 0.43218
1 0.0792992
3 0.5
7 0.183112
OXO_XOX_X
3 0.5
7 0.5
XOO_XOX_X
3 1
7 0.405
OO_XXOX_X
2 0.5
7 0.5
O_OXXOX_X
1 0.5
7 1
_OOXXOX_X
0 1
7 0.26572
___OXOX_X
0 0.138389
1 0.26572
2 0.283553
7 0.5
OX_OXOX_X
2 0.5
7 0.5
XO_OXOX_X
2 0.5
7 0.5
O_XOXOX_X
1 0.5
7 0.0833863
_OXOXOX_X
0 0.5
7 0.5
X_OOXOX_X
1 0.5
7 0.59895
_XOOXOX_X
0 0.239148
7 0.5
X___OOX_X
1 0.5
2 0.5
3 0.55
7 1
_X__OOX_X
0 0.49
2 0.5
3 0.5
7 1
__X_OOX_X
0 0.5
1 0.9
3 0.5
7 1
OXX_OOX_X
3 0.5
7 1
XOX_OOX_X
3 0.5
7 1
XXO_OOX_X
3 0.5
7 0.5
___XOOX_X
0 0.225085
1 0.5
2 0.32805
7 0.5
OX_XOOX_X
2 0.5
7 1
XO_XOOX_X
2 0.5
7 0.5
O_XXOOX_X
1 0.5
7 0.0675429
_OXXOOX_X
0 0.3645
7 0.5
X_OXOOX_X
1 0.5
7 0.5
_XOXOOX_X
0 0.26572
7 0.5
XX_OOOX_X
2 0.5
7 0.5
X_XOOOX_X
1 0.5
7 0.5
_XXOOOX_X
0 0.5
7 0.435554
X_____O_X
1 0.5
2 0.351164
3 0.5445
4 0.505725
5 0.746513
7 0.437304
_X____O_X
0 0.554072
2 0.388807
3 0.571343
4 0.613895
5 0.528059
7 0.485699
__X___O_X
0 0.321489
1 0.381182
3 0.5
4 0.518608
5 0.387095
7 0.5
OXX___O_X
3 0.45
4 0.4802
5 0.5
7 1
XOX___O_X
3 1
4 0.35721
5 0.5
7 0.230678
XXO___O_X
3 0.5
4 0.477784
5 0.5
7 0.49
___X__O_X
0 0.474461
1 0.4802
2 0.811218
4 0.470596
5 0.604371
7 0.474461
OX_X__O_X
2 0.605
4 0.295245
5 0.49
7 0.49
XO_X__O_X
2 0.405
4 0.5
5 0.405
7 0.49
O_XX__O_X
1 0.5445
4 0.5
5 0.5
7 0.4851
_OXX__O_X
0 1
4 0.441
5 0.5
7 0.470596
X_OX__O_X
1 1
4 0.566183
5 0.5
7 0.539
_XOX__O_X
0 0.447487
4 0.405
5 0.5
7 0.388962
XX_O__O_X
2 0.5
4 0.441
5 0.3969
7 0.3645
X_XO__O_X
1 0.5
4 0.388962
5 0.5
7 0.495
_XXO__O_X
0 1
4 0.364332
5 0.5
7 0.5
____X_O_X
0 0.560641
1 0.264102
2 0.387406
3 0.283356
5 0.5
7 0.387406
OX__X_O_X
2 0.5
3 0.5
5 0.441
7 1
XO__X_O_X
2 0.5
3 0.605
5 0.5
7 0.308758
O_X_X_O_X
1 0.5
3 0.286446
5 0.5
7 0.9
_OX_X_O_X
0 0.53361
3 0.5
5 0.5
7 0.405
X_O_X_O_X
1 0.5
3 0.35721
5 0.5
7 0.423536
_XO_X_O_X
0 0.423536
3 0.461184
5 0.5
7 0.343065
O__XX_O_X
1 0.5
2 0.315091
5 0.480249
7 0.35721
_O_XX_O_X
0 0.45
2 0.5
5 0.45
7 0.5
OOXXX_O_X
5 0.5
7 0.198525
__OXX_O_X
0 0.52822
1 0.40095
5 0.5
7 0.19371
OXOXX_O_X
5 0.5
7 0.5
XOOXX_O_X
5 0.5
7 0.5
X__OX_O_X
1 0.5
2 0.3969
5 0.5
7 0.39694
_X_OX_O_X
0 1
2 0.5
5 0.441045
7 0.539
__XOX_O_X
0 1
1 0.45
5 0.5
7 0.5
OXXOX_O_X
5 0.5
7 0.5
XOXOX_O_X
5 0.5
7 0.507302
XXOOX_O_X
5 0.5
7 0.6655
XX__O_O_X
2 0.5
3 0.398629
5 1
7 0.441
X_X_O_O_X
1 0.5
3 0.539
5 0.5
7 0.260406
_XX_O_O_X
0 0.45
3 0.49
5 0.5
7 0.658845
X__XO_O_X
1 0.5
2 0.55
5 1
7 0.4802
_X_XO_O_X
0 0.605
2 0.3969
5 1
7 0.423536
__XXO_O_X
0 0.5
1 0.539
5 0.5
7 1
OXXXO_O_X
5 0.5
7 0.5
XOXXO_O_X
5 0.5
7 0.5
XXOXO_O_X
5 0.5
7 0.5
XXXOO_O_X
5 0.5
7 0.332051
_____XO_X
0 0.464118
1 0.3969
2 0.567651
3 0.325541
4 0.499502
7 0.5
OX___XO_X
2 0.295245
3 0.5
4 0.65219
7 1
XO___XO_X
2 0.5
3 0.5
4 0.581042
7 0.405
O_X__XO_X
1 0.5
3 0.5
4 0.5
7 0.5
_OX__XO_X
0 1
3 0.5
4 0.5
7 0.3645
X_O__XO_X
1 1
3 0.49
4 0.5
7 0.327604
_XO__XO_X
0 0.532888
3 0.5
4 0.5
7 0.507407
O__X_XO_X
1 0.586971
2 0.43218
4 0.805255
7 0.360855
_O_X_XO_X
0 0.295245
2 0.385072
4 0.658845
7 0.5
OOXX_XO_X
4 1
7 0.26572
__OX_XO_X
0 1
1 0.441
4 1
7 0.26572
OXOX_XO_X
4 0.5
7 0.295245
XOOX_XO_X
4 0.497157
7 0.5
X__O_XO_X
1 0.78915
2 0.3969
4 0.350066
7 0.366088
_X_O_XO_X
0 1
2 0.5
4 0.5
7 0.5
__XO_XO_X
0 0.5
1 0.26572
4 0.5
7 0.5
OXXO_XO_X
4 1
7 0.5
XOXO_XO_X
4 0.5
7 0.5445
XXOO_XO_X
4 0.5
7 0.5
O___XXO_X
1 0.5
2 0.495
3 0.49
7 0.430467
_O__XXO_X
0 0.797203
2 0.283553
3 0.539055
7 0.470644
OOX_XXO_X
3 0.5
7 0.3645
__O_XXO_X
0 1
1 1
3 0.5
7 0.4851
OXO_XXO_X
3 0.5
7 0.5
XOO_XXO_X
3 0.5
7 0.5
OO_XXXO_X
2 0.5
7 0.5
O_OXXXO_X
1 0.5
7 0.43659
_OOXXXO_X
0 0.5
7 0.5
___OXXO_X
0 1
1 0.4455
2 0.55
7 0.5
OX_OXXO_X
2 0.5
7 0.5
XO_OXXO_X
2 0.5
7 0.5
O_XOXXO_X
1 0.5
7 0.3645
_OXOXXO_X
0 0.5
7 0.5
X_OOXXO_X
1 0.5
7 0.350066
_XOOXXO_X
0 1
7 0.5
X___OXO_X
1 0.5
2 0.5445
3 1
7 0.336204
_X__OXO_X
0 0.55
2 0.5
3 1
7 0.55
__X_OXO_X
0 0.5
1 0.5
3 0.5
7 0.5
OXX_OXO_X
3 0.5
7 0.5
XOX_OXO_X
3 0.5
7 0.475398
XXO_OXO_X
3 0.5
7 0.26572
___XOXO_X
0 1
1 0.539
2 1
7 1
OX_XOXO_X
2 1
7 0.5
XO_XOXO_X
2 0.5
7 0.5
O_XXOXO_X
1 0.5
7 0.5
_OXXOXO_X
0 0.5
7 0.239148
X_OXOXO_X
1 0.5
7 0.5
_XOXOXO_X
0 1
7 0.5
XX_OOXO_X
2 0.5
7 0.5
X_XOOXO_X
1 0.5
7 0.32805
_XXOOXO_X
0 0.658845
7 0.5
XX___OO_X
2 0.461184
3 0.5
4 0.43218
7 0.202577
X_X__OO_X
1 0.4455
3 0.49
4 0.5
7 0.3645
_XX__OO_X
0 0.55
3 0.5
4 0.5
7 0.46589
X__X_OO_X
1 0.5
2 0.406764
4 0.43659
7 0.4802
_X_X_OO_X
0 0.4802
2 0.5
4 0.49
7 0.49
__XX_OO_X
0 0.5
1 0.234365
4 0.5
7 0.3645
OXXX_OO_X
4 1
7 0.5
XOXX_OO_X
4 0.5
7 0.5
XXOX_OO_X
4 0.5
7 0.5
XXXO_OO_X
4 0.5
7 0.5
X___XOO_X
1 0.5
2 0.5
3 0.5
7 0.358766
_X__XOO_X
0 0.336204
2 0.5
3 0.35721
7 0.14183
__X_XOO_X
0 0.6655
1 1
3 0.5
7 0.52822
OXX_XOO_X
3 0.5
7 0.5
XOX_XOO_X
3 0.5
7 0.147678
XXO_XOO_X
3 0.5
7 0.5
___XXOO_X
0 0.109855
1 0.255198
2 0.202576
7 0.5
OX_XXOO_X
2 0.5
7 0.0833863
XO_XXOO_X
2 0.5
7 0.5
O_XXXOO_X
1 0.5
7 0.174339
_OXXXOO_X
0 0.5
7 0.5
X_OXXOO_X
1 0.5
7 0.5
_XOXXOO_X
0 0.26572
7 0.3645
XX_OXOO_X
2 0.5
7 0.5
X_XOXOO_X
1 0.5
7 0.3645
_XXOXOO_X
0 1
7 0.127093
XXX_OOO_X
3 1
7 0.5
XX_XOOO_X
2 0.5
7 0.5
X_XXOOO_X
1 0.5
7 0.5
_XXXOOO_X
0 0.576144
7 0.5
O______XX
1 0.498765
2 0.512254
3 0.545172
4 0.66963
5 0.300149
6 0.44964
_O_____XX
0 0.296124
2 0.434063
3 0.467733
4 0.369007
5 0.459155
6 0.251311
OOX____XX
3 0.623312
4 0.5
5 0.5
6 0.485149
__O____XX
0 0.481227
1 0.293117
3 0.49005
4 0.293576
5 0.474828
6 0.409843
OXO____XX
3 0.358766
4 0.405
5 0.5
6 0.3969
XOO____XX
3 0.5
4 0.35721
5 0.67522
6 0.45
OO_X___XX
2 0.388962
4 0.441
5 1
6 0.5
O_OX___XX
1 0.3969
4 0.781313
5 0.773367
6 0.5
_OOX___XX
0 1
4 0.5
5 0.5
6 0.5
___O___XX
0 0.528062
1 0.271018
2 0.9
4 0.5
5 0.547362
6 0.60258
OX_O___XX
2 0.308758
4 0.292292
5 0.415066
6 0.5
XO_O___XX
2 0.605
4 0.5445
5 0.9
6 0.5
O_XO___XX
1 0.45
4 0.49
5 0.539
6 0.5
_OXO___XX
0 0.876922
4 0.360855
5 0.442968
6 0.5
X_OO___XX
1 0.32805
4 0.324769
5 0.539
6 0.5
_XOO___XX
0 0.49
4 0.49
5 0.73205
6 0.5
OO__X__XX
2 0.5
3 0.475398
5 1
6 0.441
O_O_X__XX
1 0.5
3 0.642978
5 0.360855
6 0.48515
_OO_X__XX
0 1
3 0.5
5 0.5
6 0.5
OOOXX__XX
5 0.5
6 0.45
O__OX__XX
1 1
2 0.257802
5 0.410915
6 0.5
_O_OX__XX
0 0.37741
2 0.5
5 0.295245
6 0.26572
OOXOX__XX
5 0.5
6 0.215233
__OOX__XX
0 0.805255
1 0.40095
5 0.5
6 0.5
OXOOX__XX
5 0.5
6 0.5
XOOOX__XX
5 0.57222
6 0.5
____O__XX
0 0.439943
1 0.301372
2 0.514433
3 0.485748
5 0.5
6 0.45
OX__O__XX
2 0.5
3 0.45
5 0.541403
6 0.658845
XO__O__XX
2 0.5
3 0.3645
5 0.475398
6 0.441
O_X_O__XX
1 0.5
3 0.242642
5 0.5
6 0.495
_OX_O__XX
0 0.405
3 0.6655
5 1
6 0.5
X_O_O__XX
1 0.5
3 0.45
5 1
6 0.405
_XO_O__XX
0 0.49
3 0.3645
5 0.5
6 0.55
O__XO__XX
1 0.3645
2 0.405
5 0.480298
6 0.5
_O_XO__XX
0 0.57868
2 0.5
5 0.495
6 0.239148
OOXXO__XX
5 1
6 0.295245
__OXO__XX
0 0.55
1 0.295245
5 0.5
6 0.26572
OXOXO__XX
5 0.55
6 0.5
XOOXO__XX
5 0.5
6 1
X__OO__XX
1 0.5
2 1
5 0.717409
6 0.5
_X_OO__XX
0 1
2 1
5 0.717482
6 0.5
__XOO__XX
0 1
1 0.882
5 0.405
6 1
OXXOO__XX
5 0.5
6 1
XOXOO__XX
5 0.495
6 0.5
XXOOO__XX
5 0.43218
6 0.5
OO___X_XX
2 0.495
3 0.5
4 1
6 0.495
O_O__X_XX
1 0.436635
3 1
4 0.55
6 0.5
_OO__X_XX
0 1
3 0.5
4 0.5
6 0.381182
OOOX_X_XX
4 0.392931
6 0.5
O__O_X_XX
1 0.43218
2 0.360855
4 0.470596
6 0.5
_O_O_X_XX
0 0.415151
2 0.5
4 0.569421
6 0.5
OOXO_X_XX
4 0.9
6 0.5
__OO_X_XX
0 0.234365
1 0.45
4 0.156905
6 0.5
OXOO_X_XX
4 1
6 0.5
XOOO_X_XX
4 1
6 0.5
OOO_XX_XX
3 1
6 0.5
OO_OXX_XX
2 0.5
6 0.5
O_OOXX_XX
1 0.495
6 1
_OOOXX_XX
0 1
6 0.5
O___OX_XX
1 0.5
2 0.39694
3 0.539
6 0.277882
_O__OX_XX
0 0.59049
2 0.5
3 0.539
6 0.366088
OOX_OX_XX
3 1
6 0.5
__O_OX_XX
0 0.3466
1 0.260406
3 1
6 0.4455
OXO_OX_XX
3 1
6 0.19371
XOO_OX_XX
3 1
6 0.5
OO_XOX_XX
2 0.5
6 0.5
O_OXOX_XX
1 0.49
6 1
_OOXOX_XX
0 1
6 0.5
___OOX_XX
0 0.239148
1 0.5
2 0.170851
6 0.5
OX_OOX_XX
2 0.0926514
6 0.5
XO_OOX_XX
2 1
6 0.5
O_XOOX_XX
1 1
6 0.5
_OXOOX_XX
0 0.5
6 0.5
X_OOOX_XX
1 0.5
6 0.295245
_XOOOX_XX
0 0.452453
6 0.5
_____O_XX
0 0.41267
1 0.31222
2 0.317034
3 0.394996
4 0.538625
6 0.5
OX___O_XX
2 0.392931
3 0.5
4 0.381182
6 0.495
XO___O_XX
2 0.480249
3 0.5
4 0.492184
6 0.174339
O_X__O_XX
1 0.495
3 0.441
4 0.461184
6 0.539055
_OX__O_XX
0 0.49005
3 0.5
4 0.458561
6 0.427858
X_O__O_XX
1 0.522938
3 0.388962
4 0.35721
6 0.65219
_XO__O_XX
0 0.315059
3 0.5
4 0.4802
6 0.405
O__X_O_XX
1 0.5
2 0.3645
4 0.373558
6 0.5
_O_X_O_XX
0 0.384551
2 0.5
4 0.185787
6 0.5
OOXX_O_XX
4 0.0988695
6 0.5
__OX_O_XX
0 0.0720759
1 0.369824
4 0.0926514
6 0.5
OXOX_O_XX
4 0.456619
6 0.5
XOOX_O_XX
4 1
6 0.5
X__O_O_XX
1 1
2 0.299557
4 0.586971
6 0.5
_X_O_O_XX
0 1
2 0.5
4 0.6655
6 0.5
__XO_O_XX
0 0.9
1 0.5
4 1
6 0.5
OXXO_O_XX
4 1
6 0.5
XOXO_O_XX
4 0.51248
6 0.5
XXOO_O_XX
4 0.5
6 0.5
O___XO_XX
1 0.5
2 0.53361
3 0.292292
6 0.360855
_O__XO_XX
0 0.260432
2 0.174339
3 0.405
6 0.245092
OOX_XO_XX
3 0.5
6 0.5
__O_XO_XX
0 0.381182
1 0.533664
3 0.5
6 0.295245
OXO_XO_XX
3 0.127093
6 0.5
XOO_XO_XX
3 0.531441
6 0.5
OO_XXO_XX
2 0.5
6 0.5
O_OXXO_XX
1 0.39694
6 1
_OOXXO_XX
0 1
6 0.5
___OXO_XX
0 0.729
1 0.441
2 0.405
6 0.5
OX_OXO_XX
2 0.141214
6 0.5
XO_OXO_XX
2 0.5
6 0.5
O_XOXO_XX
1 0.5
6 0.0833863
_OXOXO_XX
0 0.26572
6 0.5
X_OOXO_XX
1 0.6655
6 0.5
_XOOXO_XX
0 0.5
6 0.5
X___OO_XX
1 0.5
2 0.3969
3 0.73205
6 1
_X__OO_XX
0 0.3969
2 0.5
3 0.6655
6 1
__X_OO_XX
0 0.98
1 0.9
3 0.5
6 1
OXX_OO_XX
3 0.5
6 1
XOX_OO_XX
3 0.5
6 1
XXO_OO_XX
3 0.5
6 0.5
___XOO_XX
0 0.234365
1 0.5
2 0.441
6 0.5
OX_XOO_XX
2 0.295245
6 0.5
XO_XOO_XX
2 1
6 0.5
O_XXOO_XX
1 1
6 0.295245
_OXXOO_XX
0 0.45
6 0.5
X_OXOO_XX
1 0.5
6 0.239148
_XOXOO_XX
0 0.32805
6 0.5
XX_OOO_XX
2 0.5
6 0.5
X_XOOO_XX
1 0.5
6 0.5
_XXOOO_XX
0 0.5
6 0.5
OO____XXX
2 0.5
3 0.5
4 0.5
5 0.5
O_O___XXX
1 0.5
3 0.5
4 0.5
5 0.5
_OO___XXX
0 0.5
3 0.5
4 0.5
5 0.5
OOOX__XXX
4 0.5
5 0.5
O__O__XXX
1 0.5
2 0.5
4 0.5
5 0.5
_O_O__XXX
0 0.5
2 0.5
4 0.5
5 0.5
OOXO__XXX
4 0.5
5 0.5
__OO__XXX
0 0.5
1 0.5
4 0.5
5 0.5
OXOO__XXX
4 0.5
5 0.5
XOOO__XXX
4 0.5
5 0.5
OOO_X_XXX
3 0.5
5 0.5
OO_OX_XXX
2 0.5
5 0.5
O_OOX_XXX
1 0.5
5 0.5
_OOOX_XXX
0 0.5
5 0.5
O___O_XXX
1 0.5
2 0.5
3 0.5
5 0.5
_O__O_XXX
0 0.5
2 0.5
3 0.5
5 0.5
OOX_O_XXX
3 0.5
5 0.5
__O_O_XXX
0 0.5
1 0.5
3 0.5
5 0.5
OXO_O_XXX
3 0.5
5 0.5
XOO_O_XXX
3 0.5
5 0.5
OO_XO_XXX
2 0.5
5 0.5
O_OXO_XXX
1 0.5
5 0.5
_OOXO_XXX
0 0.5
5 0.5
___OO_XXX
0 0.5
1 0.5
2 0.5
5 0.5
OX_OO_XXX
2 0.5
5 0.5
XO_OO_XXX
2 0.5
5 0.5
O_XOO_XXX
1 0.5
5 0.5
_OXOO_XXX
0 0.5
5 0.5
X_OOO_XXX
1 0.5
5 0.5
_XOOO_XXX
0 0.5
5 0.5
OOO__XXXX
3 0.5
4 0.5
OO_O_XXXX
2 0.5
4 0.5
O_OO_XXXX
1 0.5
4 0.5
_OOO_XXXX
0 0.5
4 0.5
OOOOXXXXX
OO__OXXXX
2 0.5
3 0.5
O_O_OXXXX
1 0.5
3 0.5
_OO_OXXXX
0 0.5
3 0.5
OOOXOXXXX
O__OOXXXX
1 0.5
2 0.5
_O_OOXXXX
0 0.5
2 0.5
OOXOOXXXX
__OOOXXXX
0 0.5
1 0.5
OXOOOXXXX
XOOOOXXXX
O____OXXX
1 0.5
2 0.5
3 0.5
4 0.5
_O___OXXX
0 0.5
2 0.5
3 0.5
4 0.5
OOX__OXXX
3 0.5
4 0.5
__O__OXXX
0 0.5
1 0.5
3 0.5
4 0.5
OXO__OXXX
3 0.5
4 0.5
XOO__OXXX
3 0.5
4 0.5
OO_X_OXXX
2 0.5
4 0.5
O_OX_OXXX
1 0.5
4 0.5
_OOX_OXXX
0 0.5
4 0.5
___O_OXXX
0 0.5
1 0.5
2 0.5
4 0.5
OX_O_OXXX
2 0.5
4 0.5
XO_O_OXXX
2 0.5
4 0.5
O_XO_OXXX
1 0.5
4 0.5
_OXO_OXXX
0 0.5
4 0.5
X_OO_OXXX
1 0.5
4 0.5
_XOO_OXXX
0 0.5
4 0.5
OO__XOXXX
2 0.5
3 0.5
O_O_XOXXX
1 0.5
3 0.5
_OO_XOXXX
0 0.5
3 0.5
OOOXXOXXX
O__OXOXXX
1 0.5
2 0.5
_O_OXOXXX
0 0.5
2 0.5
OOXOXOXXX
__OOXOXXX
0 0.5
1 0.5
OXOOXOXXX
XOOOXOXXX
____OOXXX
0 0.5
1 0.5
2 0.5
3 0.5
OX__OOXXX
2 0.5
3 0.5
XO__OOXXX
2 0.5
3 0.5
O_X_OOXXX
1 0.5
3 0.5
_OX_OOXXX
0 0.5
3 0.5
X_O_OOXXX
1 0.5
3 0.5
_XO_OOXXX
0 0.5
3 0.5
O__XOOXXX
1 0.5
2 0.5
_O_XOOXXX
0 0.5
2 0.5
OOXXOOXXX
__OXOOXXX
0 0.5
1 0.5
OXOXOOXXX
XOOXOOXXX
X__OOOXXX
1 0.5
2 0.5
_X_OOOXXX
0 0.5
2 0.5
__XOOOXXX
0 0.5
1 0.5
OXXOOOXXX
XOXOOOXXX
XXOOOOXXX
______OXX
0 0.538354
1 0.676999
2 0.67881
3 0.549158
4 0.565155
5 0.4996
OX____OXX
2 0.773367
3 0.5
4 0.539055
5 1
XO____OXX
2 0.78915
3 0.55
4 0.456572
5 0.336203
O_X___OXX
1 0.470596
3 0.373559
4 0.5
5 1
_OX___OXX
0 1
3 0.412705
4 0.5
5 0.475398
X_O___OXX
1 1
3 0.577796
4 0.5
5 0.5
_XO___OXX
0 0.388962
3 0.5
4 0.5
5 0.65219
O__X__OXX
1 0.55
2 0.470596
4 0.73205
5 0.5
_O_X__OXX
0 0.581042
2 0.5
4 0.144754
5 0.5
OOXX__OXX
4 1
5 0.5
__OX__OXX
0 0.98
1 0.13291
4 1
5 0.215233
OXOX__OXX
4 0.5
5 0.5
XOOX__OXX
4 0.685082
5 0.385072
X__O__OXX
1 0.55
2 0.366087
4 0.639146
5 0.5
_X_O__OXX
0 1
2 0.569421
4 0.495
5 0.5
__XO__OXX
0 0.9
1 0.127093
4 0.5
5 0.5
OXXO__OXX
4 1
5 0.295245
XOXO__OXX
4 0.5
5 0.5
XXOO__OXX
4 0.5
5 0.49005
O___X_OXX
1 0.5
2 0.381222
3 0.55
5 1
_O__X_OXX
0 0.805255
2 1
3 0.45
5 0.6655
OOX_X_OXX
3 0.5
5 0.3645
__O_X_OXX
0 0.522991
1 0.48515
3 0.5
5 0.239148
OXO_X_OXX
3 0.5
5 0.5
XOO_X_OXX
3 1
5 0.3645
OO_XX_OXX
2 0.5
5 0.405
O_OXX_OXX
1 0.5
5 1
_OOXX_OXX
0 1
5 0.405
___OX_OXX
0 1
1 0.475398
2 0.40095
5 0.5
OX_OX_OXX
2 0.5
5 0.5
XO_OX_OXX
2 0.5
5 0.32805
O_XOX_OXX
1 0.5
5 0.5
_OXOX_OXX
0 1
5 0.5
X_OOX_OXX
1 0.5
5 0.5
_XOOX_OXX
0 0.5
5 0.605
X___O_OXX
1 0.5
2 0.78915
3 1
5 0.67522
_X__O_OXX
0 0.55
2 0.6655
3 1
5 0.73205
__X_O_OXX
0 0.441
1 0.81
3 0.5
5 0.6655
OXX_O_OXX
3 0.5
5 0.26572
XOX_O_OXX
3 0.5
5 0.5
XXO_O_OXX
3 0.5
5 0.55
___XO_OXX
0 1
1 0.55
2 1
5 0.5
OX_XO_OXX
2 1
5 0.5
XO_XO_OXX
2 0.5
5 0.5
O_XXO_OXX
1 0.5
5 0.3645
_OXXO_OXX
0 0.3645
5 0.5
X_OXO_OXX
1 0.5
5 1
_XOXO_OXX
0 1
5 1
XX_OO_OXX
2 0.5
5 1
X_XOO_OXX
1 0.5
5 0.405
_XXOO_OXX
0 0.885843
5 0.5
O____XOXX
1 0.520018
2 0.72473
3 0.805255
4 1
_O___XOXX
0 0.658845
2 0.5
3 0.461184
4 0.4851
OOX__XOXX
3 1
4 0.5
__O__XOXX
0 1
1 1
3 1
4 0.73205
OXO__XOXX
3 0.239148
4 0.127093
XOO__XOXX
3 1
4 0.5
OO_X_XOXX
2 1
4 0.5
O_OX_XOXX
1 0.5
4 1
_OOX_XOXX
0 1
4 0.5
___O_XOXX
0 0.59049
1 0.45
2 0.78915
4 0.5
OX_O_XOXX
2 0.0547097
4 0.5
XO_O_XOXX
2 0.5
4 0.5
O_XO_XOXX
1 1
4 0.5
_OXO_XOXX
0 1
4 0.5
X_OO_XOXX
1 0.5
4 0.114384
_XOO_XOXX
0 1
4 1
OO__XXOXX
2 0.5
3 1
O_O_XXOXX
1 0.5
3 1
_OO_XXOXX
0 1
3 0.5
OOOXXXOXX
O__OXXOXX
1 0.239148
2 0.5
_O_OXXOXX
0 1
2 0.5
OOXOXXOXX
__OOXXOXX
0 1
1 0.3645
OXOOXXOXX
XOOOXXOXX
____OXOXX
0 1
1 0.7938
2 1
3 0.405
OX__OXOXX
2 1
3 0.0750477
XO__OXOXX
2 0.5
3 0.5
O_X_OXOXX
1 0.5
3 0.5
_OX_OXOXX
0 0.5
3 0.5
X_O_OXOXX
1 0.5
3 0.5
_XO_OXOXX
0 1
3 0.5
O__XOXOXX
1 1
2 0.0125158
_O_XOXOXX
0 0.239148
2 0.5
OOXXOXOXX
__OXOXOXX
0 1
1 0.5
OXOXOXOXX
XOOXOXOXX
X__OOXOXX
1 1
2 0.00598627
_X_OOXOXX
0 1
2 0.5
__XOOXOXX
0 0.73205
1 0.5
OXXOOXOXX
XOXOOXOXX
XXOOOXOXX
X____OOXX
1 0.805255
2 0.5
3 0.605
4 0.255198
_X___OOXX
0 0.539
2 0.5
3 0.388962
4 0.605
__X__OOXX
0 0.5
1 1
3 0.5
4 0.605
OXX__OOXX
3 1
4 0.26572
XOX__OOXX
3 0.5
4 0.19371
XXO__OOXX
3 0.55
4 0.5
___X_OOXX
0 0.255198
1 0.470596
2 0.558033
4 0.5
OX_X_OOXX
2 0.141214
4 0.5
XO_X_OOXX
2 0.5
4 0.5
O_XX_OOXX
1 1
4 0.5
_OXX_OOXX
0 1
4 0.5
X_OX_OOXX
1 1
4 0.0492387
_XOX_OOXX
0 1
4 0.5
XX_O_OOXX
2 1
4 0.5
X_XO_OOXX
1 0.5
4 0.26572
_XXO_OOXX
0 1
4 0.5
____XOOXX
0 0.211847
1 0.32805
2 0.186851
3 0.260433
OX__XOOXX
2 0.5
3 0.5
XO__XOOXX
2 0.5
3 1
O_X_XOOXX
1 0.5
3 0.174339
_OX_XOOXX
0 0.5
3 0.5
X_O_XOOXX
1 0.5
3 0.5
_XO_XOOXX
0 0.0833863
3 0.5
O__XXOOXX
1 0.127093
2 0.5
_O_XXOOXX
0 0.5
2 0.5
OOXXXOOXX
__OXXOOXX
0 0.174339
1 0.127093
OXOXXOOXX
XOOXXOOXX
X__OXOOXX
1 0.5
2 0.5
_X_OXOOXX
0 0.5
2 0.5
__XOXOOXX
0 1
1 0.729
OXXOXOOXX
XOXOXOOXX
XXOOXOOXX
XX__OOOXX
2 0.5
3 1
X_X_OOOXX
1 0.5
3 1
_XX_OOOXX
0 1
3 0.5
X__XOOOXX
1 1
2 0.5
_X_XOOOXX
0 0.5
2 0.5
__XXOOOXX
0 0.468526
1 0.5
OXXXOOOXX
XOXXOOOXX
XXOXOOOXX
XXXOOOOXX
X______OX
1 0.478166
2 0.604782
3 0.271463
4 0.43218
5 0.611928
6 0.254919
_X_____OX
0 0.394974
2 0.5
3 0.499681
4 0.484144
5 0.485894
6 0.474461
__X____OX
0 0.361712
1 0.670724
3 0.45
4 0.316483
5 0.538784
6 0.478279
OXX____OX
3 1
4 0.607698
5 0.49005
6 0.49
XOX____OX
3 0.49
4 0.415065
5 0.5929
6 0.441
XXO____OX
3 0.428018
4 0.5
5 0.5
6 0.441
___X___OX
0 0.485894
1 0.578256
2 0.458972
4 0.5
5 0.54934
6 0.449972
OX_X___OX
2 1
4 0.4851
5 0.362427
6 0.5
XO_X___OX
2 0.45
4 0.5
5 0.3969
6 0.5
O_XX___OX
1 1
4 0.470644
5 0.405
6 0.5
_OXX___OX
0 0.512479
4 0.3969
5 0.406806
6 0.5
X_OX___OX
1 0.52822
4 0.388962
5 0.525216
6 0.5
_XOX___OX
0 0.546872
4 0.5445
5 0.45
6 0.5
XX_O___OX
2 0.5
4 0.405
5 0.3645
6 0.5
X_XO___OX
1 0.32805
4 0.30567
5 0.35721
6 0.5
_XXO___OX
0 0.140893
4 0.5
5 0.5
6 0.5
____X__OX
0 0.40841
1 0.239196
2 0.181793
3 0.19225
5 0.5
6 0.134631
OX__X__OX
2 0.5
3 0.5
5 0.4802
6 0.569421
XO__X__OX
2 0.5
3 0.43218
5 0.3969
6 0.5
O_X_X__OX
1 0.5
3 0.170851
5 0.3969
6 0.45
_OX_X__OX
0 0.315059
3 0.5
5 0.5
6 0.32805
X_O_X__OX
1 0.5
3 0.388962
5 0.367683
6 0.5
_XO_X__OX
0 0.49
3 0.5
5 0.423536
6 0.4802
O__XX__OX
1 0.295245
2 0.2906
5 0.225085
6 0.5
_O_XX__OX
0 0.260406
2 0.5
5 0.5
6 0.26572
OOXXX__OX
5 0.239148
6 0.441
__OXX__OX
0 0.495
1 0.405
5 0.5
6 0.5
OXOXX__OX
5 0.5
6 0.5
XOOXX__OX
5 0.5
6 0.5
X__OX__OX
1 0.5
2 0.5
5 0.45
6 0.5
_X_OX__OX
0 1
2 0.190662
5 0.25012
6 0.5
__XOX__OX
0 0.26572
1 0.26572
5 0.5
6 0.295245
OXXOX__OX
5 0.5
6 0.5
XOXOX__OX
5 0.3969
6 0.5
XXOOX__OX
5 0.5
6 0.569479
XX__O__OX
2 0.5
3 0.49
5 0.52822
6 0.55
X_X_O__OX
1 0.5
3 0.405
5 0.441
6 0.360855
_XX_O__OX
0 0.49
3 0.434063
5 0.52822
6 0.495
X__XO__OX
1 0.5
2 0.98
5 0.95913
6 0.5
_X_XO__OX
0 0.234365
2 0.55
5 0.326184
6 0.5
__XXO__OX
0 0.88209
1 1
5 0.5
6 0.5
OXXXO__OX
5 0.5
6 0.3645
XOXXO__OX
5 0.5
6 0.5
XXOXO__OX
5 0.5
6 0.5
XXXOO__OX
5 0.225665
6 0.5
_____X_OX
0 0.342927
1 0.450935
2 0.453332
3 0.354075
4 0.43659
6 0.5
OX___X_OX
2 1
3 0.5
4 0.343064
6 0.4802
XO___X_OX
2 0.5
3 0.5
4 0.353638
6 0.4455
O_X__X_OX
1 0.5
3 0.5
4 0.5
6 0.5
_OX__X_OX
0 0.6655
3 0.5
4 0.440449
6 0.5
X_O__X_OX
1 0.605
3 0.45
4 0.507303
6 0.45
_XO__X_OX
0 0.4851
3 0.5
4 0.32805
6 0.4802
O__X_X_OX
1 1
2 0.533664
4 0.210928
6 0.5
_O_X_X_OX
0 0.452006
2 0.5
4 0.495
6 0.5
OOXX_X_OX
4 0.245192
6 0.5
__OX_X_OX
0 1
1 0.45
4 0.3645
6 0.5
OXOX_X_OX
4 0.5
6 0.5
XOOX_X_OX
4 0.4802
6 0.5
X__O_X_OX
1 0.388962
2 0.45
4 0.321489
6 0.5
_X_O_X_OX
0 0.43218
2 0.5
4 0.49
6 0.5
__XO_X_OX
0 0.405
1 0.5
4 0.5
6 0.5
OXXO_X_OX
4 0.5
6 0.5
XOXO_X_OX
4 0.239148
6 0.5
XXOO_X_OX
4 0.5
6 0.5
O___XX_OX
1 0.5
2 0.427858
3 0.17087
6 0.49
_O__XX_OX
0 0.103394
2 0.5
3 0.475447
6 0.321489
OOX_XX_OX
3 0.141214
6 0.5
__O_XX_OX
0 0.324769
1 0.311941
3 0.5
6 0.277882
OXO_XX_OX
3 0.5
6 0.5
XOO_XX_OX
3 0.5
6 0.5
OO_XXX_OX
2 0.5
6 0.5
O_OXXX_OX
1 0.215233
6 0.5
_OOXXX_OX
0 1
6 0.5
___OXX_OX
0 0.495
1 0.441
2 0.49
6 0.5
OX_OXX_OX
2 0.5
6 0.5
XO_OXX_OX
2 0.5
6 0.5
O_XOXX_OX
1 0.215233
6 0.5
_OXOXX_OX
0 0.5
6 0.5
X_OOXX_OX
1 0.59895
6 0.5
_XOOXX_OX
0 0.5
6 0.5
X___OX_OX
1 0.5
2 1
3 0.360855
6 0.5
_X__OX_OX
0 0.405
2 0.5
3 0.5
6 0.32805
__X_OX_OX
0 1
1 0.5
3 0.5
6 0.5
OXX_OX_OX
3 0.5
6 0.5
XOX_OX_OX
3 0.39694
6 0.5
XXO_OX_OX
3 0.405
6 0.5
___XOX_OX
0 0.5
1 1
2 0.805255
6 0.5
OX_XOX_OX
2 0.5
6 0.5
XO_XOX_OX
2 1
6 0.5
O_XXOX_OX
1 1
6 0.5
_OXXOX_OX
0 0.32805
6 0.5
X_OXOX_OX
1 0.5
6 1
_XOXOX_OX
0 0.5
6 0.5
XX_OOX_OX
2 0.5
6 0.5
X_XOOX_OX
1 0.295245
6 0.5
_XXOOX_OX
0 0.5
6 0.5
XX___O_OX
2 0.441
3 0.5
4 0.381183
6 0.43218
X_X__O_OX
1 0.45
3 0.405
4 0.45
6 0.3969
_XX__O_OX
0 0.3645
3 0.5
4 0.321489
6 0.5
X__X_O_OX
1 0.4802
2 0.292292
4 0.343065
6 0.5
_X_X_O_OX
0 0.52822
2 0.5
4 0.4802
6 0.5
__XX_O_OX
0 1
1 0.517656
4 0.19371
6 0.5
OXXX_O_OX
4 0.26572
6 0.5
XOXX_O_OX
4 0.5
6 0.5
XXOX_O_OX
4 0.5
6 0.5
XXXO_O_OX
4 0.5
6 0.5
X___XO_OX
1 0.5
2 0.5
3 0.388962
6 0.5
_X__XO_OX
0 0.4802
2 0.5
3 0.194553
6 0.4802
__X_XO_OX
0 0.295245
1 0.102946
3 0.5
6 0.0692205
OXX_XO_OX
3 0.5
6 0.5
XOX_XO_OX
3 0.350066
6 0.5
XXO_XO_OX
3 0.5
6 0.5
___XXO_OX
0 0.49
1 0.303901
2 0.350066
6 0.5
OX_XXO_OX
2 0.295245
6 0.5
XO_XXO_OX
2 0.5
6 0.5
O_XXXO_OX
1 0.156905
6 0.32805
_OXXXO_OX
0 0.26572
6 0.5
X_OXXO_OX
1 0.5
6 0.5
_XOXXO_OX
0 0.0211957
6 0.5
XX_OXO_OX
2 0.5
6 0.5
X_XOXO_OX
1 0.26572
6 0.5
_XXOXO_OX
0 0.0926514
6 0.5
XXX_OO_OX
3 0.215233
6 0.5
XX_XOO_OX
2 0.5
6 0.5
X_XXOO_OX
1 0.5
6 1
_XXXOO_OX
0 0.5
6 0.5
______XOX
0 0.5033
1 0.568966
2 0.470596
3 0.497801
4 0.560776
5 0.455673
OX____XOX
2 1
3 0.392931
4 0.5
5 0.4802
XO____XOX
2 0.45
3 0.441
4 0.388962
5 0.24019
O_X___XOX
1 1
3 0.373597
4 0.5
5 0.441
_OX___XOX
0 0.321489
3 0.215233
4 0.5
5 0.3969
X_O___XOX
1 0.461184
3 0.406806
4 0.5
5 0.43218
_XO___XOX
0 0.55
3 0.5
4 0.5
5 0.5
O__X__XOX
1 1
2 0.917058
4 0.5
5 0.5
_O_X__XOX
0 0.55
2 0.5
4 1
5 0.239148
OOXX__XOX
4 0.40095
5 0.5
__OX__XOX
0 0.55
1 0.55
4 0.5
5 0.5
OXOX__XOX
4 0.5
5 0.5
XOOX__XOX
4 0.605
5 0.581161
X__O__XOX
1 0.517656
2 0.558089
4 0.405
5 0.5
_X_O__XOX
0 0.847073
2 0.5
4 0.5
5 0.5
__XO__XOX
0 0.941192
1 0.149185
4 0.45
5 0.0926514
OXXO__XOX
4 0.5
5 0.45
XOXO__XOX
4 0.5
5 0.5
XXOO__XOX
4 0.5
5 0.441
O___X_XOX
1 0.5
2 0.282813
3 0.5
5 0.441
_O__X_XOX
0 0.581042
2 0.5
3 0.45
5 0.415065
OOX_X_XOX
3 0.5
5 0.43218
__O_X_XOX
0 0.5
1 0.55
3 0.5
5 0.43218
OXO_X_XOX
3 0.5
5 0.239148
XOO_X_XOX
3 1
5 0.5
OO_XX_XOX
2 0.5
5 0.5
O_OXX_XOX
1 0.5
5 1
_OOXX_XOX
0 1
5 0.388962
___OX_XOX
0 0.405
1 0.272325
2 0.3645
5 0.19371
OX_OX_XOX
2 0.5
5 0.5
XO_OX_XOX
2 0.5
5 0.5
O_XOX_XOX
1 0.5
5 0.5
_OXOX_XOX
0 0.5
5 0.156905
X_OOX_XOX
1 0.5
5 0.5
_XOOX_XOX
0 0.5
5 0.55
X___O_XOX
1 0.5
2 0.98
3 0.405
5 0.5
_X__O_XOX
0 0.5
2 0.5
3 0.49
5 0.49
__X_O_XOX
0 0.45
1 0.81
3 0.5
5 0.55
OXX_O_XOX
3 0.5
5 0.295245
XOX_O_XOX
3 0.5
5 0.5
XXO_O_XOX
3 0.5
5 0.45
___XO_XOX
0 0.605
1 0.5
2 0.495
5 0.5
OX_XO_XOX
2 0.5
5 0.5
XO_XO_XOX
2 0.5
5 0.5
O_XXO_XOX
1 0.5
5 1
_OXXO_XOX
0 0.5
5 0.127093
X_OXO_XOX
1 0.5
5 1
_XOXO_XOX
0 0.5
5 1
XX_OO_XOX
2 0.5
5 1
X_XOO_XOX
1 0.5
5 1
_XXOO_XOX
0 0.353674
5 0.5
O____XXOX
1 1
2 0.59895
3 0.55
4 0.5
_O___XXOX
0 0.613836
2 0.5
3 0.5
4 0.5929
OOX__XXOX
3 0.55
4 0.5
__O__XXOX
0 1
1 0.605
3 0.5
4 0.4802
OXO__XXOX
3 1
4 0.0750477
XOO__XXOX
3 1
4 0.5
OO_X_XXOX
2 1
4 0.5
O_OX_XXOX
1 0.5
4 1
_OOX_XXOX
0 1
4 0.5
___O_XXOX
0 1
1 0.470596
2 0.112095
4 0.5
OX_O_XXOX
2 0.215233
4 0.5
XO_O_XXOX
2 0.5
4 0.5
O_XO_XXOX
1 0.5
4 0.5
_OXO_XXOX
0 0.5
4 0.5
X_OO_XXOX
1 0.5
4 0.239148
_XOO_XXOX
0 1
4 0.114384
OO__XXXOX
2 0.5
3 0.5
O_O_XXXOX
1 0.5
3 1
_OO_XXXOX
0 1
3 0.5
OOOXXXXOX
O__OXXXOX
1 0.0443148
2 0.405
_O_OXXXOX
0 0.19371
2 0.5
OOXOXXXOX
__OOXXXOX
0 0.5
1 0.295245
OXOOXXXOX
XOOOXXXOX
____OXXOX
0 0.55
1 1
2 0.55
3 0.5
OX__OXXOX
2 0.5
3 0.5
XO__OXXOX
2 0.5
3 0.5
O_X_OXXOX
1 0.5
3 0.5
_OX_OXXOX
0 0.5
3 0.5
X_O_OXXOX
1 0.5
3 1
_XO_OXXOX
0 0.5
3 0.5
O__XOXXOX
1 0.5
2 1
_O_XOXXOX
0 0.5
2 0.5
OOXXOXXOX
__OXOXXOX
0 0.5
1 1
OXOXOXXOX
XOOXOXXOX
X__OOXXOX
1 0.5
2 1
_X_OOXXOX
0 0.295245
2 0.5
__XOOXXOX
0 0.49005
1 0.5
OXXOOXXOX
XOXOOXXOX
XXOOOXXOX
X____OXOX
1 0.5
2 0.465937
3 0.388962
4 0.394642
_X___OXOX
0 0.6655
2 0.5
3 0.49
4 0.605
__X__OXOX
0 1
1 0.245092
3 0.5
4 0.43659
OXX__OXOX
3 0.3645
4 0.127093
XOX__OXOX
3 0.5
4 0.3645
XXO__OXOX
3 0.257801
4 0.5
___X_OXOX
0 0.5
1 0.49
2 0.49
4 0.5
OX_X_OXOX
2 0.5
4 0.5
XO_X_OXOX
2 1
4 0.5
O_XX_OXOX
1 0.5
4 0.141214
_OXX_OXOX
0 0.174339
4 0.5
X_OX_OXOX
1 1
4 0.5
_XOX_OXOX
0 0.9
4 0.5
XX_O_OXOX
2 1
4 0.5
X_XO_OXOX
1 0.5
4 0.215233
_XXO_OXOX
0 0.3645
4 0.5
____XOXOX
0 0.441
1 0.0968895
2 0.350066
3 0.296531
OX__XOXOX
2 0.5
3 0.5
XO__XOXOX
2 0.5
3 0.5
O_X_XOXOX
1 0.5
3 0.5
_OX_XOXOX
0 0.5
3 0.5
X_O_XOXOX
1 0.5
3 0.174339
_XO_XOXOX
0 0.5
3 0.5
O__XXOXOX
1 0.00912402
2 0.405
_O_XXOXOX
0 0.127093
2 0.5
OOXXXOXOX
__OXXOXOX
0 0.5
1 0.239148
OXOXXOXOX
XOOXXOXOX
X__OXOXOX
1 0.156905
2 0.5
_X_OXOXOX
0 0.295245
2 0.5
__XOXOXOX
0 0.405
1 1
OXXOXOXOX
XOXOXOXOX
XXOOXOXOX
XX__OOXOX
2 0.5
3 1
X_X_OOXOX
1 0.5
3 1
_XX_OOXOX
0 0.5
3 0.5
X__XOOXOX
1 0.3645
2 0.5
_X_XOOXOX
0 0.49
2 0.5
__XXOOXOX
0 0.461184
1 1
OXXXOOXOX
XOXXOOXOX
XXOXOOXOX
XXXOOOXOX
XX____OOX
2 0.236757
3 0.35721
4 0.5
5 0.3969
X_X___OOX
1 0.45
3 0.339634
4 0.5
5 0.405
_XX___OOX
0 0.696029
3 0.350066
4 0.5
5 0.405
X__X__OOX
1 0.507303
2 0.412705
4 0.45
5 0.5
_X_X__OOX
0 0.470596
2 0.442921
4 0.52822
5 0.5
__XX__OOX
0 1
1 0.295245
4 0.239148
5 0.5
OXXX__OOX
4 1
5 0.295245
XOXX__OOX
4 0.5
5 0.5
XXOX__OOX
4 0.5
5 0.5
XXXO__OOX
4 0.5
5 0.5
X___X_OOX
1 0.5
2 0.277882
3 0.5
5 0.5
_X__X_OOX
0 0.517656
2 0.28934
3 0.43218
5 0.427858
__X_X_OOX
0 0.388962
1 1
3 0.5
5 0.315059
OXX_X_OOX
3 0.5
5 0.49
XOX_X_OOX
3 0.5
5 0.5
XXO_X_OOX
3 0.19371
5 0.5
___XX_OOX
0 0.343065
1 0.26572
2 0.71442
5 0.5
OX_XX_OOX
2 0.496
5 0.5
XO_XX_OOX
2 0.3645
5 0.49
O_XXX_OOX
1 0.5
5 0.114384
_OXXX_OOX
0 0.26572
5 0.5
X_OXX_OOX
1 1
5 0.45
_XOXX_OOX
0 0.260406
5 0.3645
XX_OX_OOX
2 0.5
5 0.5
X_XOX_OOX
1 0.5
5 0.156905
_XXOX_OOX
0 1
5 0.5
XXX_O_OOX
3 0.5
5 0.5
XX_XO_OOX
2 0.5
5 0.26572
X_XXO_OOX
1 1
5 1
_XXXO_OOX
0 0.216095
5 0.114384
X____XOOX
1 0.239148
2 0.239148
3 0.260406
4 0.49
_X___XOOX
0 0.384803
2 0.5
3 0.60156
4 0.497157
__X__XOOX
0 0.473545
1 0.5
3 0.5
4 0.5
OXX__XOOX
3 0.45
4 0.5
XOX__XOOX
3 0.5
4 0.5
XXO__XOOX
3 0.5
4 0.5
___X_XOOX
0 0.27678
1 0.9
2 0.388962
4 0.5
OX_X_XOOX
2 0.5
4 0.215233
XO_X_XOOX
2 0.482053
4 0.5
O_XX_XOOX
1 0.215233
4 0.5
_OXX_XOOX
0 1
4 0.5
X_OX_XOOX
1 0.5
4 0.0547097
_XOX_XOOX
0 0.239148
4 0.5
XX_O_XOOX
2 1
4 0.5
X_XO_XOOX
1 1
4 0.5
_XXO_XOOX
0 0.295245
4 0.5
____XXOOX
0 0.21076
1 0.239148
2 0.202576
3 0.236757
OX__XXOOX
2 0.5
3 0.102946
XO__XXOOX
2 0.5
3 0.5
O_X_XXOOX
1 0.5
3 0.5
_OX_XXOOX
0 0.5
3 0.5
X_O_XXOOX
1 0.5
3 0.5
_XO_XXOOX
0 0.32805
3 0.5
O__XXXOOX
1 0.5
2 0.035895
_O_XXXOOX
0 0.4996
2 0.5
OOXXXXOOX
__OXXXOOX
0 0.5
1 0.5
OXOXXXOOX
XOOXXXOOX
X__OXXOOX
1 0.5
2 0.5
_X_OXXOOX
0 1
2 0.5
__XOXXOOX
0 0.215233
1 0.5
OXXOXXOOX
XOXOXXOOX
XXOOXXOOX
XX__OXOOX
2 0.5
3 0.5
X_X_OXOOX
1 1
3 0.215233
_XX_OXOOX
0 0.5
3 0.5
X__XOXOOX
1 0.5
2 1
_X_XOXOOX
0 0.81
2 0.5
__XXOXOOX
0 1
1 0.5
OXXXOXOOX
XOXXOXOOX
XXOXOXOOX
XXXOOXOOX
XXX__OOOX
3 0.5
4 0.5
XX_X_OOOX
2 0.5
4 0.5
X_XX_OOOX
1 0.239148
4 0.3645
_XXX_OOOX
0 0.32805
4 0.5
XX__XOOOX
2 0.215233
3 0.5
X_X_XOOOX
1 0.295245
3 0.5
_XX_XOOOX
0 0.5
3 0.5
X__XXOOOX
1 0.5
2 0.127093
_X_XXOOOX
0 0.5
2 0.5
__XXXOOOX
0 0.0750477
1 0.127093
OXXXXOOOX
XOXXXOOOX
XXOXXOOOX
XXXOXOOOX
XXXXOOOOX
XX______O
2 1
3 0.46792
4 0.479236
5 0.676095
6 0.44982
7 0.424442
X_X_____O
1 0.4996
3 0.511722
4 0.5
5 0.425204
6 0.329402
7 0.410172
_XX_____O
0 0.788724
3 0.5
4 0.5
5 0.297432
6 0.434902
7 0.466307
X__X____O
1 0.51
2 0.428559
4 0.64242
5 0.5
6 0.507351
7 0.507637
_X_X____O
0 0.529792
2 0.5
4 0.630499
5 0.5
6 0.823804
7 0.493431
__XX____O
0 0.528392
1 0.485506
4 0.5
5 0.5
6 0.725332
7 0.468603
OXXX____O
4 0.5
5 0.5
6 0.5
7 0.5
XOXX____O
4 0.5
5 0.5
6 0.5
7 0.5
XXOX____O
4 0.49
5 0.470596
6 0.55
7 0.40095
XXXO____O
4 0.4455
5 1
6 0.6655
7 0.45
X___X___O
1 0.5
2 0.423335
3 0.84186
5 0.36439
6 0.5
7 0.52822
_X__X___O
0 0.250839
2 0.5
3 0.385742
5 0.413075
6 0.5
7 0.352993
__X_X___O
0 0.380787
1 0.503904
3 0.5
5 0.364624
6 0.5
7 0.394996
OXX_X___O
3 0.5
5 0.5
6 0.5
7 0.4455
XOX_X___O
3 0.5
5 0.5
6 0.5
7 0.441
XXO_X___O
3 0.5
5 0.441
6 0.605
7 0.563726
___XX___O
0 0.308878
1 0.340644
2 0.619843
5 0.405
6 0.5
7 1
OX_XX___O
2 0.502
5 1
6 0.605
7 0.5
XO_XX___O
2 0.5
5 0.5
6 0.441
7 0.5
O_XXX___O
1 0.5
5 0.40095
6 0.43218
7 0.315059
_OXXX___O
0 0.5
5 0.461184
6 0.5929
7 0.45
X_OXX___O
1 0.5
5 0.410915
6 0.441
7 0.32805
_XOXX___O
0 0.286447
5 1
6 0.4851
7 0.405
XX_OX___O
2 0.5
5 1
6 0.324769
7 0.465938
X_XOX___O
1 0.5
5 0.318274
6 0.5
7 0.5
_XXOX___O
0 0.405
5 0.350066
6 0.405
7 0.5
XXX_O___O
3 0.5
5 0.3645
6 0.4455
7 0.441
XX_XO___O
2 0.5
5 0.5
6 0.5
7 0.5
X_XXO___O
1 0.5
5 0.343065
6 0.45
7 0.5
_XXXO___O
0 1
5 0.3645
6 0.59895
7 0.40095
X____X__O
1 1
2 0.51
3 0.478279
4 0.60017
6 0.513777
7 0.5
_X___X__O
0 0.592523
2 0.5
3 0.51
4 0.478279
6 0.681374
7 0.5
__X__X__O
0 0.567425
1 0.497602
3 0.5
4 0.51584
6 0.720359
7 0.5
OXX__X__O
3 0.5
4 0.4802
6 0.3645
7 0.49005
XOX__X__O
3 0.5
4 0.5
6 0.5
7 0.5
XXO__X__O
3 0.5
4 0.5
6 0.5
7 0.539
___X_X__O
0 0.9604
1 0.4131
2 0.402438
4 0.6655
6 0.67881
7 0.5
OX_X_X__O
2 0.416874
4 0.5
6 0.539
7 0.55
XO_X_X__O
2 0.5
4 0.5
6 0.441
7 0.5
O_XX_X__O
1 0.441
4 0.55
6 0.5
7 0.495
_OXX_X__O
0 1
4 0.5
6 0.605
7 0.405
X_OX_X__O
1 0.55
4 0.3645
6 0.495
7 0.55
_XOX_X__O
0 0.475398
4 0.5
6 0.55
7 0.456571
XX_O_X__O
2 0.636589
4 0.5
6 0.4802
7 0.343065
X_XO_X__O
1 0.4996
4 0.5
6 0.4802
7 0.45
_XXO_X__O
0 0.49
4 0.5
6 0.55
7 0.423536
____XX__O
0 0.392133
1 0.420155
2 0.383441
3 0.347506
6 0.5
7 0.5
OX__XX__O
2 0.45
3 0.5
6 0.30879
7 0.55
XO__XX__O
2 0.5
3 0.5
6 0.321489
7 0.470596
O_X_XX__O
1 0.5
3 0.470596
6 0.5
7 0.37737
_OX_XX__O
0 0.405
3 0.5
6 0.52822
7 0.286447
X_O_XX__O
1 0.49
3 0.45
6 0.5
7 0.45
_XO_XX__O
0 0.388962
3 0.5
6 0.3969
7 0.4802
O__XXX__O
1 0.5
2 0.5
6 0.49005
7 0.415065
_O_XXX__O
0 0.5
2 0.5
6 0.5
7 0.5
OOXXXX__O
6 0.5
7 0.5
__OXXX__O
0 0.5
1 0.5
6 0.5
7 0.5
OXOXXX__O
6 0.5
7 0.5
XOOXXX__O
6 1
7 0.3645
X__OXX__O
1 0.5
2 0.49
6 0.49
7 0.5
_X_OXX__O
0 0.441
2 0.5
6 0.46589
7 0.52822
__XOXX__O
0 0.4851
1 0.5
6 1
7 0.605
OXXOXX__O
6 0.5
7 0.5
XOXOXX__O
6 0.5
7 0.5
XXOOXX__O
6 0.605
7 0.3969
XX__OX__O
2 0.5
3 0.32805
6 0.187938
7 0.49
X_X_OX__O
1 0.5
3 0.5
6 0.605
7 0.423536
_XX_OX__O
0 1
3 0.5
6 0.55
7 0.495
X__XOX__O
1 0.5
2 0.495
6 0.817016
7 0.45
_X_XOX__O
0 1
2 0.5
6 0.868065
7 0.49
__XXOX__O
0 1
1 0.5
6 0.5
7 0.4802
OXXXOX__O
6 0.5
7 0.5
XOXXOX__O
6 0.5
7 0.5
XXOXOX__O
6 0.5
7 0.605
XXXOOX__O
6 0.5
7 0.5
XXX__O__O
3 1
4 0.19371
6 0.5
7 0.5
XX_X_O__O
2 0.141214
4 0.156905
6 0.5
7 0.5
X_XX_O__O
1 0.5
4 0.45
6 0.4851
7 0.40095
_XXX_O__O
0 0.308758
4 0.5
6 0.605
7 0.423536
XX__XO__O
2 0.405
3 0.5
6 1
7 0.234365
X_X_XO__O
1 0.5
3 0.4802
6 0.436635
7 0.34811
_XX_XO__O
0 0.442921
3 0.5
6 0.405
7 0.296532
X__XXO__O
1 0.55
2 0.4455
6 1
7 0.432224
_X_XXO__O
0 0.43218
2 0.5
6 1
7 0.392931
__XXXO__O
0 0.388962
1 0.49
6 0.765634
7 0.49
OXXXXO__O
6 1
7 1
XOXXXO__O
6 0.5
7 0.5
XXOXXO__O
6 0.613836
7 0.390656
XXXOXO__O
6 0.5
7 0.5
XXXXOO__O
6 0.5
7 0.295245
X_____X_O
1 1
2 0.0983502
3 0.441
4 0.489951
5 0.43713
7 0.492625
_X____X_O
0 0.536844
2 0.5
3 0.592426
4 0.466652
5 1
7 0.60258
__X___X_O
0 0.527075
1 0.435206
3 0.5
4 0.48765
5 0.614386
7 0.46601
OXX___X_O
3 0.5
4 0.5
5 0.5
7 1
XOX___X_O
3 0.502
4 0.5
5 0.5
7 0.45
XXO___X_O
3 0.539055
4 0.415065
5 0.5
7 0.480249
___X__X_O
0 1
1 0.385549
2 0.414899
4 0.569422
5 0.641801
7 0.475256
OX_X__X_O
2 0.358766
4 1
5 0.52822
7 0.45
XO_X__X_O
2 0.5
4 0.5
5 0.5
7 0.45
O_XX__X_O
1 0.5
4 0.5
5 0.5
7 0.5
_OXX__X_O
0 0.419301
4 0.423536
5 0.5
7 0.474754
X_OX__X_O
1 0.49005
4 0.26572
5 0.5
7 0.45
_XOX__X_O
0 0.6655
4 0.5
5 0.5
7 0.5
XX_O__X_O
2 0.45
4 0.5
5 0.605
7 0.55
X_XO__X_O
1 0.639146
4 0.318274
5 0.5
7 0.49
_XXO__X_O
0 0.577533
4 0.35721
5 0.5
7 0.388962
____X_X_O
0 0.464972
1 0.238847
2 0.724513
3 0.31903
5 0.5
7 0.324879
OX__X_X_O
2 0.5
3 0.49
5 0.49
7 0.272326
XO__X_X_O
2 0.5
3 0.5
5 0.35721
7 0.5
O_X_X_X_O
1 0.5
3 0.43218
5 0.5
7 0.324296
_OX_X_X_O
0 0.5
3 0.5
5 0.5
7 0.5
X_O_X_X_O
1 0.5
3 0.45
5 0.5
7 0.5
_XO_X_X_O
0 0.5
3 1
5 0.5
7 0.392971
O__XX_X_O
1 0.5
2 1
5 0.470644
7 0.5
_O_XX_X_O
0 0.4455
2 0.655164
5 0.40095
7 0.5
OOXXX_X_O
5 0.5
7 0.5
__OXX_X_O
0 0.48515
1 0.215233
5 0.5
7 0.5
OXOXX_X_O
5 0.5
7 0.5
XOOXX_X_O
5 0.5
7 1
X__OX_X_O
1 0.5
2 0.470596
5 1
7 0.5
_X_OX_X_O
0 0.35721
2 0.269602
5 0.441
7 0.423536
__XOX_X_O
0 0.5
1 0.5
5 0.5
7 0.35721
OXXOX_X_O
5 0.5
7 0.3969
XOXOX_X_O
5 0.5
7 0.5
XXOOX_X_O
5 0.5
7 0.5
XX__O_X_O
2 0.5
3 1
5 0.5
7 0.539
X_X_O_X_O
1 0.5
3 0.441
5 0.5
7 0.55
_XX_O_X_O
0 0.5
3 0.5
5 0.5
7 0.329479
X__XO_X_O
1 0.5
2 0.495
5 0.5
7 0.5
_X_XO_X_O
0 1
2 0.5
5 0.45
7 0.5
__XXO_X_O
0 1
1 0.4455
5 0.5
7 0.45
OXXXO_X_O
5 0.5
7 0.5
XOXXO_X_O
5 0.5
7 0.55
XXOXO_X_O
5 0.5
7 0.5
XXXOO_X_O
5 0.5
7 0.5
_____XX_O
0 1
1 0.227494
2 0.511927
3 0.496008
4 0.77344
7 0.5
OX___XX_O
2 0.5
3 0.5
4 1
7 0.470596
XO___XX_O
2 0.5
3 0.5
4 1
7 0.49
O_X__XX_O
1 0.4802
3 0.5
4 0.5
7 0.5929
_OX__XX_O
0 1
3 0.5
4 0.5
7 0.43218
X_O__XX_O
1 0.605
3 0.441
4 0.5
7 0.605
_XO__XX_O
0 0.467379
3 0.5
4 0.5
7 0.49
O__X_XX_O
1 0.605
2 0.441045
4 0.717409
7 0.4802
_O_X_XX_O
0 0.98
2 0.5
4 0.405
7 0.5445
OOXX_XX_O
4 0.5
7 0.9
__OX_XX_O
0 0.495
1 0.495
4 1
7 0.5
OXOX_XX_O
4 0.5
7 0.5
XOOX_XX_O
4 0.55
7 0.295245
X__O_XX_O
1 0.5
2 0.321489
4 0.5
7 0.5
_X_O_XX_O
0 0.5
2 0.141214
4 0.5
7 0.461184
__XO_XX_O
0 0.55
1 0.3645
4 0.5
7 0.4802
OXXO_XX_O
4 0.73205
7 0.5
XOXO_XX_O
4 0.55
7 0.5
XXOO_XX_O
4 0.5
7 0.343064
O___XXX_O
1 0.4996
2 0.263063
3 0.419301
7 0.388962
_O__XXX_O
0 0.427858
2 0.45
3 0.49005
7 0.260406
OOX_XXX_O
3 0.5
7 0.5
__O_XXX_O
0 0.211847
1 0.373635
3 0.5
7 0.470596
OXO_XXX_O
3 0.5
7 1
XOO_XXX_O
3 0.5
7 0.156905
OO_XXXX_O
2 0.5
7 0.43218
O_OXXXX_O
1 0.5
7 0.5
_OOXXXX_O
0 0.49
7 0.26572
___OXXX_O
0 0.461184
1 0.43218
2 0.470596
7 0.5
OX_OXXX_O
2 0.5
7 0.45
XO_OXXX_O
2 0.5
7 0.5
O_XOXXX_O
1 0.5
7 0.35721
_OXOXXX_O
0 0.5
7 0.5
X_OOXXX_O
1 0.5
7 0.174339
_XOOXXX_O
0 0.215233
7 0.5
X___OXX_O
1 0.5
2 0.405
3 0.3645
7 0.5
_X__OXX_O
0 1
2 0.5
3 0.73205
7 0.475398
__X_OXX_O
0 1
1 0.55
3 0.5
7 0.497157
OXX_OXX_O
3 0.5
7 0.5
XOX_OXX_O
3 0.5
7 0.5
XXO_OXX_O
3 0.5
7 0.55
___XOXX_O
0 1
1 0.729
2 0.5
7 0.141214
OX_XOXX_O
2 0.5
7 0.5
XO_XOXX_O
2 0.5
7 0.5
O_XXOXX_O
1 0.5
7 0.52822
_OXXOXX_O
0 1
7 0.5
X_OXOXX_O
1 0.5
7 0.5
_XOXOXX_O
0 1
7 0.5
XX_OOXX_O
2 0.5
7 1
X_XOOXX_O
1 0.5
7 0.5
_XXOOXX_O
0 1
7 0.5
XX___OX_O
2 0.5
3 0.295245
4 1
7 0.4455
X_X__OX_O
1 0.55
3 0.112095
4 0.5
7 0.40095
_XX__OX_O
0 0.530575
3 0.5
4 0.5
7 0.32805
X__X_OX_O
1 0.5445
2 0.5
4 0.5
7 0.49
_X_X_OX_O
0 0.52822
2 0.5
4 1
7 0.5
__XX_OX_O
0 0.78915
1 0.3969
4 0.5
7 0.49
OXXX_OX_O
4 0.5
7 0.3645
XOXX_OX_O
4 0.495
7 0.5
XXOX_OX_O
4 0.5
7 0.35721
XXXO_OX_O
4 0.5
7 0.5
X___XOX_O
1 1
2 0.326184
3 1
7 0.452006
_X__XOX_O
0 0.3969
2 0.3645
3 1
7 0.186059
__X_XOX_O
0 0.5
1 0.5
3 0.5
7 0.475398
OXX_XOX_O
3 0.5
7 0.5
XOX_XOX_O
3 0.5
7 0.5
XXO_XOX_O
3 0.5
7 0.5
___XXOX_O
0 0.388962
1 1
2 1
7 0.45
OX_XXOX_O
2 0.5
7 0.5
XO_XXOX_O
2 0.5
7 1
O_XXXOX_O
1 0.5
7 0.45
_OXXXOX_O
0 0.5
7 0.5
X_OXXOX_O
1 0.5
7 0.5
_XOXXOX_O
0 0.5
7 0.5
XX_OXOX_O
2 0.5
7 0.5
X_XOXOX_O
1 1
7 0.5
_XXOXOX_O
0 0.5
7 0.5
XXX_OOX_O
3 0.5
7 0.239148
XX_XOOX_O
2 0.5
7 0.5
X_XXOOX_O
1 0.5
7 0.5
_XXXOOX_O
0 1
7 0.5
XXX___O_O
3 0.5
4 0.5
5 0.5
7 0.174339
XX_X__O_O
2 0.5
4 1
5 0.55
7 0.5
X_XX__O_O
1 0.495
4 0.495
5 0.5
7 1
_XXX__O_O
0 0.4851
4 0.45
5 0.5
7 1
XX__X_O_O
2 0.495
3 0.5
5 0.5
7 1
X_X_X_O_O
1 0.5
3 0.5
5 0.5
7 1
_XX_X_O_O
0 0.5929
3 0.5
5 0.5
7 1
X__XX_O_O
1 0.5
2 0.4455
5 0.49005
7 1
_X_XX_O_O
0 0.26572
2 0.55
5 0.292292
7 1
__XXX_O_O
0 0.3969
1 0.321489
5 0.5
7 1
OXXXX_O_O
5 0.5
7 0.5
XOXXX_O_O
5 0.5
7 0.5445
XXOXX_O_O
5 0.5
7 1
XXXOX_O_O
5 0.5
7 0.5
XXXXO_O_O
5 0.5
7 1
XX___XO_O
2 0.5
3 0.5
4 1
7 0.441
X_X__XO_O
1 0.59895
3 1
4 0.5
7 1
_XX__XO_O
0 0.55
3 0.5
4 0.5
7 1
X__X_XO_O
1 0.6655
2 0.4802
4 0.45
7 1
_X_X_XO_O
0 0.59895
2 0.5
4 0.65219
7 1
__XX_XO_O
0 1
1 0.5
4 0.5
7 1
OXXX_XO_O
4 0.5
7 1
XOXX_XO_O
4 0.885781
7 0.5
XXOX_XO_O
4 0.5
7 1
XXXO_XO_O
4 0.5
7 0.5
X___XXO_O
1 0.5
2 1
3 0.461231
7 0.55
_X__XXO_O
0 0.5445
2 1
3 0.32805
7 0.4455
__X_XXO_O
0 0.59895
1 0.5
3 0.5
7 1
OXX_XXO_O
3 0.5
7 0.5
XOX_XXO_O
3 0.5
7 0.5
XXO_XXO_O
3 0.5
7 1
___XXXO_O
0 0.5
1 0.5
2 0.5
7 1
OX_XXXO_O
2 1
7 1
XO_XXXO_O
2 0.215233
7 0.5
O_XXXXO_O
1 0.5
7 0.5
_OXXXXO_O
0 0.5
7 0.5
X_OXXXO_O
1 0.5
7 0.5
_XOXXXO_O
0 0.5
7 0.5
XX_OXXO_O
2 0.5
7 0.5
X_XOXXO_O
1 0.32805
7 0.5
_XXOXXO_O
0 1
7 0.45
XXX_OXO_O
3 0.5
7 1
XX_XOXO_O
2 0.5
7 1
X_XXOXO_O
1 1
7 1
_XXXOXO_O
0 1
7 0.5
XXXX_OO_O
4 0.5
7 1
XXX_XOO_O
3 0.5
7 1
XX_XXOO_O
2 0.5
7 1
X_XXXOO_O
1 1
7 0.5
_XXXXOO_O
0 0.295245
7 0.5
X______XO
1 1
2 0.465123
3 0.799574
4 0.478087
5 0.487533
6 0.588166
_X_____XO
0 0.482872
2 0.5
3 0.506773
4 0.442489
5 0.770348
6 0.384995
__X____XO
0 0.781798
1 0.474047
3 0.5
4 0.46643
5 0.993448
6 0.423409
OXX____XO
3 0.5
4 1
5 0.5
6 1
XOX____XO
3 0.5
4 0.5
5 0.5
6 0.4802
XXO____XO
3 0.470596
4 0.45196
5 0.5
6 0.32805
___X___XO
0 1
1 0.495481
2 0.718774
4 0.5
5 0.931835
6 1
OX_X___XO
2 0.885781
4 1
5 0.392931
6 0.5
XO_X___XO
2 0.5
4 0.5
5 0.441
6 0.5
O_XX___XO
1 0.350066
4 0.569421
5 0.5
6 0.5
_OXX___XO
0 1
4 0.45196
5 0.52822
6 0.5
X_OX___XO
1 0.805255
4 0.541402
5 0.49
6 0.5
_XOX___XO
0 0.964615
4 1
5 0.626364
6 0.5
XX_O___XO
2 0.885781
4 1
5 0.427944
6 0.5
X_XO___XO
1 0.5445
4 0.423536
5 0.406764
6 0.5
_XXO___XO
0 0.55
4 0.49
5 0.415066
6 0.5
____X__XO
0 0.290301
1 0.469998
2 0.299486
3 0.34312
5 0.5
6 0.271734
OX__X__XO
2 0.45
3 0.5
5 0.3645
6 0.5
XO__X__XO
2 0.5
3 0.5
5 0.581042
6 0.4802
O_X_X__XO
1 0.5
3 0.842196
5 0.470596
6 0.35721
_OX_X__XO
0 0.415066
3 0.321489
5 0.416874
6 0.388962
X_O_X__XO
1 0.5
3 0.427858
5 0.4802
6 0.52822
_XO_X__XO
0 0.5
3 1
5 0.423536
6 0.5
O__XX__XO
1 0.5
2 0.390735
5 0.40095
6 0.5
_O_XX__XO
0 0.427858
2 0.456619
5 0.392931
6 0.5
OOXXX__XO
5 0.5
6 0.405
__OXX__XO
0 0.315059
1 0.39694
5 0.5
6 0.5
OXOXX__XO
5 0.5
6 1
XOOXX__XO
5 0.5
6 1
X__OX__XO
1 0.5
2 1
5 1
6 0.5
_X_OX__XO
0 0.295245
2 0.52822
5 0.5
6 0.5
__XOX__XO
0 0.5
1 0.43218
5 0.5
6 0.5
OXXOX__XO
5 0.5
6 0.569421
XOXOX__XO
5 0.5
6 0.43218
XXOOX__XO
5 0.48515
6 0.5
XX__O__XO
2 0.5
3 0.5
5 0.55
6 0.5
X_X_O__XO
1 0.5
3 0.470596
5 0.45
6 0.5
_XX_O__XO
0 1
3 0.4802
5 0.5
6 0.5
X__XO__XO
1 0.5
2 0.528274
5 0.55
6 0.5
_X_XO__XO
0 1
2 0.45
5 0.73205
6 0.5
__XXO__XO
0 1
1 0.5929
5 0.688999
6 0.5
OXXXO__XO
5 0.5
6 0.156905
XOXXO__XO
5 0.5
6 0.850704
XXOXO__XO
5 0.5
6 0.5
XXXOO__XO
5 0.5
6 0.295245
_____X_XO
0 0.777924
1 0.536895
2 0.376626
3 0.498
4 0.5202
6 0.5
OX___X_XO
2 1
3 0.5
4 0.9604
6 0.405
XO___X_XO
2 0.5
3 0.5
4 0.442921
6 0.5
O_X__X_XO
1 0.442921
3 0.461184
4 0.442921
6 0.605
_OX__X_XO
0 1
3 0.5
4 0.6655
6 0.5
X_O__X_XO
1 0.6655
3 0.4802
4 0.5
6 0.461184
_XO__X_XO
0 0.43218
3 0.5
4 0.569421
6 0.49
O__X_X_XO
1 0.605
2 0.495
4 0.410915
6 0.5
_O_X_X_XO
0 1
2 0.5
4 0.4802
6 0.5
OOXX_X_XO
4 0.419301
6 0.5
__OX_X_XO
0 0.53361
1 0.539
4 1
6 0.5
OXOX_X_XO
4 0.5
6 1
XOOX_X_XO
4 1
6 0.5
X__O_X_XO
1 0.102946
2 0.5
4 0.26572
6 0.5
_X_O_X_XO
0 0.539
2 0.5
4 0.415066
6 0.5
__XO_X_XO
0 0.661716
1 0.45196
4 0.470596
6 0.5
OXXO_X_XO
4 0.52822
6 0.5
XOXO_X_XO
4 0.5
6 0.5
XXOO_X_XO
4 0.539
6 0.5
O___XX_XO
1 0.4996
2 0.19371
3 0.405
6 0.427858
_O__XX_XO
0 0.260406
2 0.5
3 0.296592
6 0.5
OOX_XX_XO
3 0.5
6 0.5
__O_XX_XO
0 0.252646
1 0.3969
3 0.5
6 0.49
OXO_XX_XO
3 0.283553
6 0.5
XOO_XX_XO
3 0.5
6 0.5
OO_XXX_XO
2 0.350066
6 0.5
O_OXXX_XO
1 0.5
6 0.5
_OOXXX_XO
0 0.127093
6 0.5
___OXX_XO
0 0.49
1 0.4802
2 0.441
6 0.5
OX_OXX_XO
2 0.5
6 0.5
XO_OXX_XO
2 0.5
6 0.5
O_XOXX_XO
1 0.5
6 0.19371
_OXOXX_XO
0 0.239148
6 0.5
X_OOXX_XO
1 0.5
6 0.5
_XOOXX_XO
0 1
6 0.5
X___OX_XO
1 0.214373
2 0.49
3 0.5
6 0.5
_X__OX_XO
0 1
2 0.5
3 0.546872
6 0.4802
__X_OX_XO
0 1
1 0.5
3 0.917059
6 0.55
OXX_OX_XO
3 0.5
6 0.45
XOX_OX_XO
3 0.5
6 0.5
XXO_OX_XO
3 0.605
6 0.5
___XOX_XO
0 1
1 0.605
2 1
6 0.5
OX_XOX_XO
2 0.5
6 0.5
XO_XOX_XO
2 0.5
6 0.5
O_XXOX_XO
1 0.213081
6 0.5
_OXXOX_XO
0 1
6 0.5
X_OXOX_XO
1 0.5
6 0.295245
_XOXOX_XO
0 1
6 0.5
XX_OOX_XO
2 0.5
6 0.5
X_XOOX_XO
1 1
6 0.5
_XXOOX_XO
0 1
6 0.5
XX___O_XO
2 0.45
3 0.5
4 1
6 0.45
X_X__O_XO
1 0.360855
3 0.470596
4 0.3645
6 0.381183
_XX__O_XO
0 0.447442
3 0.5
4 0.406764
6 0.357246
X__X_O_XO
1 0.495
2 0.4851
4 0.81
6 0.5
_X_X_O_XO
0 0.509565
2 0.5
4 1
6 0.5
__XX_O_XO
0 1
1 0.4802
4 0.441
6 0.5
OXXX_O_XO
4 0.3645
6 0.5
XOXX_O_XO
4 0.703061
6 0.5
XXOX_O_XO
4 0.4802
6 0.5
XXXO_O_XO
4 0.174339
6 0.5
X___XO_XO
1 0.5
2 0.470596
3 1
6 0.425425
_X__XO_XO
0 0.55
2 0.5
3 0.495
6 0.5
__X_XO_XO
0 0.277882
1 0.350066
3 0.5
6 0.315059
OXX_XO_XO
3 0.5
6 0.5
XOX_XO_XO
3 0.5
6 0.5
XXO_XO_XO
3 0.220584
6 0.174339
___XXO_XO
0 0.42358
1 0.5
2 1
6 0.215233
OX_XXO_XO
2 0.5
6 0.5
XO_XXO_XO
2 0.5
6 0.45
O_XXXO_XO
1 1
6 0.102946
_OXXXO_XO
0 0.239148
6 0.5
X_OXXO_XO
1 0.5
6 0.5
_XOXXO_XO
0 0.295245
6 0.5
XX_OXO_XO
2 0.5
6 0.5
X_XOXO_XO
1 0.5
6 0.19371
_XXOXO_XO
0 0.5
6 0.5
XXX_OO_XO
3 0.5
6 0.5
XX_XOO_XO
2 0.0926514
6 0.5
X_XXOO_XO
1 1
6 0.156905
_XXXOO_XO
0 1
6 0.5
______XXO
0 0.996
1 0.532399
2 0.5
3 0.49
4 0.558756
5 0.578773
OX____XXO
2 0.295245
3 0.5
4 0.729
5 1
XO____XXO
2 0.5
3 0.5
4 0.32805
5 0.49
O_X___XXO
1 0.28934
3 0.703061
4 0.5
5 0.50228
_OX___XXO
0 1
3 0.364045
4 0.5
5 0.45
X_O___XXO
1 0.55
3 0.390657
4 0.5
5 0.55
_XO___XXO
0 0.67522
3 1
4 0.5
5 0.5
O__X__XXO
1 1
2 1
4 0.974359
5 0.5
_O_X__XXO
0 1
2 0.639146
4 0.605
5 0.5
OOXX__XXO
4 0.498
5 0.5
__OX__XXO
0 0.55
1 0.5445
4 1
5 0.3645
OXOX__XXO
4 0.0750477
5 0.5
XOOX__XXO
4 0.45
5 0.5
X__O__XXO
1 0.5
2 0.5
4 0.605
5 0.5
_X_O__XXO
0 0.658845
2 0.689
4 0.5
5 0.5
__XO__XXO
0 0.410915
1 0.43218
4 0.5
5 0.5
OXXO__XXO
4 0.5445
5 0.353638
XOXO__XXO
4 0.73205
5 0.522991
XXOO__XXO
4 0.5
5 0.5
O___X_XXO
1 0.5
2 1
3 0.658845
5 0.5
_O__X_XXO
0 0.581042
2 0.295245
3 0.73205
5 0.405
OOX_X_XXO
3 0.5
5 0.26572
__O_X_XXO
0 1
1 0.73205
3 0.5
5 0.32805
OXO_X_XXO
3 0.5
5 0.5
XOO_X_XXO
3 0.5
5 1
OO_XX_XXO
2 0.5
5 0.5
O_OXX_XXO
1 1
5 1
_OOXX_XXO
0 1
5 0.26572
___OX_XXO
0 0.43218
1 1
2 0.45
5 0.5
OX_OX_XXO
2 0.45
5 0.78915
XO_OX_XXO
2 0.5
5 0.315059
O_XOX_XXO
1 0.5
5 0.5
_OXOX_XXO
0 0.5
5 0.239148
X_OOX_XXO
1 0.49
5 0.5
_XOOX_XXO
0 0.5
5 0.5
X___O_XXO
1 0.5
2 0.45
3 0.517656
5 0.605
_X__O_XXO
0 1
2 0.626427
3 0.55
5 0.605
__X_O_XXO
0 1
1 0.73205
3 0.5
5 1
OXX_O_XXO
3 0.5
5 1
XOX_O_XXO
3 0.5
5 0.55
XXO_O_XXO
3 0.5
5 0.5
___XO_XXO
0 1
1 0.81
2 1
5 0.5
OX_XO_XXO
2 0.5
5 1
XO_XO_XXO
2 0.5
5 0.427901
O_XXO_XXO
1 0.5
5 0.5
_OXXO_XXO
0 1
5 0.5
X_OXO_XXO
1 0.5
5 0.5
_XOXO_XXO
0 1
5 0.3645
XX_OO_XXO
2 0.5
5 0.5
X_XOO_XXO
1 0.5
5 1
_XXOO_XXO
0 1
5 1
O____XXXO
1 0.5
2 0.59895
3 1
4 0.497157
_O___XXXO
0 1
2 0.5
3 0.4802
4 0.5
OOX__XXXO
3 0.5
4 1
__O__XXXO
0 0.32805
1 0.5
3 1
4 0.49
OXO__XXXO
3 0.5
4 0.174339
XOO__XXXO
3 0.49
4 0.5
OO_X_XXXO
2 0.5
4 0.5
O_OX_XXXO
1 0.81
4 1
_OOX_XXXO
0 1
4 0.5
___O_XXXO
0 0.318274
1 0.5
2 0.4802
4 0.5
OX_O_XXXO
2 0.868065
4 0.5
XO_O_XXXO
2 0.5
4 0.5
O_XO_XXXO
1 0.5
4 0.141214
_OXO_XXXO
0 0.239148
4 0.5
X_OO_XXXO
1 1
4 0.5
_XOO_XXXO
0 0.295245
4 0.5
OO__XXXXO
2 0.5
3 0.5
O_O_XXXXO
1 1
3 0.81
_OO_XXXXO
0 1
3 0.141214
O__OXXXXO
1 0.5
2 0.174339
_O_OXXXXO
0 0.0492387
2 0.5
__OOXXXXO
0 0.174339
1 0.5
____OXXXO
0 1
1 0.114384
2 0.98
3 0.55
OX__OXXXO
2 1
3 0.5
XO__OXXXO
2 0.5
3 0.5
O_X_OXXXO
1 0.295245
3 0.5
_OX_OXXXO
0 1
3 0.5
X_O_OXXXO
1 0.5
3 0.0675429
_XO_OXXXO
0 1
3 0.5
O__XOXXXO
1 0.5
2 0.5
_O_XOXXXO
0 1
2 0.5
__OXOXXXO
0 0.81
1 0.45
X__OOXXXO
1 0.5
2 0.5
_X_OOXXXO
0 1
2 0.5
__XOOXXXO
0 1
1 0.5
X____OXXO
1 1
2 0.427858
3 1
4 0.49
_X___OXXO
0 0.58656
2 0.5
3 1
4 0.569421
__X__OXXO
0 0.917152
1 0.5
3 0.5
4 0.3645
OXX__OXXO
3 0.5
4 0.5
XOX__OXXO
3 0.52822
4 0.5
XXO__OXXO
3 0.5
4 0.127093
___X_OXXO
0 0.479816
1 0.5
2 1
4 0.5
OX_X_OXXO
2 1
4 0.5
XO_X_OXXO
2 0.605
4 0.5
O_XX_OXXO
1 0.5
4 0.0443148
_OXX_OXXO
0 0.32805
4 0.5
X_OX_OXXO
1 1
4 0.5
_XOX_OXXO
0 0.3645
4 0.5
XX_O_OXXO
2 0.5
4 0.5
X_XO_OXXO
1 1
4 0.32805
_XXO_OXXO
0 0.81
4 0.5
____XOXXO
0 0.87318
1 0.569479
2 1
3 0.53361
OX__XOXXO
2 0.19371
3 0.5
XO__XOXXO
2 0.5
3 0.5
O_X_XOXXO
1 1
3 0.0833863
_OX_XOXXO
0 0.5
3 0.5
X_O_XOXXO
1 0.4996
3 0.5
_XO_XOXXO
0 0.5
3 0.5
O__XXOXXO
1 0.5
2 0.156905
_O_XXOXXO
0 1
2 0.5
__OXXOXXO
0 1
1 0.5
X__OXOXXO
1 0.5
2 0.0607886
_X_OXOXXO
0 1
2 0.5
__XOXOXXO
0 0.5
1 0.5
XX__OOXXO
2 0.5
3 0.5
X_X_OOXXO
1 1
3 1
_XX_OOXXO
0 1
3 1
X__XOOXXO
1 0.5
2 1
_X_XOOXXO
0 1
2 0.5
__XXOOXXO
0 1
1 0.405
XX____OXO
2 0.5
3 0.5
4 1
5 0.12455
X_X___OXO
1 0.394643
3 0.5
4 0.5
5 0.45
_XX___OXO
0 0.405
3 0.4802
4 0.5
5 0.441
X__X__OXO
1 0.49
2 0.43218
4 0.605
5 0.5
_X_X__OXO
0 0.5
2 0.639146
4 0.5929
5 0.5
__XX__OXO
0 0.626363
1 0.398629
4 0.5
5 0.5
OXXX__OXO
4 0.5
5 0.5
XOXX__OXO
4 0.49
5 0.45196
XXOX__OXO
4 0.5
5 0.5
XXXO__OXO
4 0.5
5 0.5
X___X_OXO
1 0.502
2 0.45196
3 0.415065
5 0.423536
_X__X_OXO
0 0.5
2 0.575232
3 0.5
5 0.5
__X_X_OXO
0 0.415065
1 0.5
3 0.5
5 0.45
OXX_X_OXO
3 1
5 0.45
XOX_X_OXO
3 0.5
5 0.441
XXO_X_OXO
3 0.5
5 0.5
___XX_OXO
0 0.315059
1 0.98
2 1
5 0.5
OX_XX_OXO
2 1
5 1
XO_XX_OXO
2 0.5
5 0.28934
O_XXX_OXO
1 0.0926514
5 0.45
_OXXX_OXO
0 0.215233
5 0.5
X_OXX_OXO
1 0.5
5 0.00538764
_XOXX_OXO
0 0.5
5 0.5
XX_OX_OXO
2 0.5
5 1
X_XOX_OXO
1 0.5
5 0.5
_XXOX_OXO
0 0.5
5 0.5
XXX_O_OXO
3 0.5
5 0.239148
XX_XO_OXO
2 0.5
5 0.5
X_XXO_OXO
1 1
5 0.5
_XXXO_OXO
0 1
5 0.239148
X____XOXO
1 0.5
2 0.336204
3 1
4 0.45196
_X___XOXO
0 0.321489
2 0.5
3 0.427902
4 0.517709
__X__XOXO
0 1
1 0.4802
3 0.5
4 0.639146
OXX__XOXO
3 0.45
4 0.5
XOX__XOXO
3 0.6655
4 0.5
XXO__XOXO
3 0.5
4 0.5
___X_XOXO
0 1
1 0.43218
2 0.436635
4 0.5
OX_X_XOXO
2 0.5
4 0.3645
XO_X_XOXO
2 1
4 0.5
O_XX_XOXO
1 0.0547097
4 0.19371
_OXX_XOXO
0 0.26572
4 0.5
X_OX_XOXO
1 1
4 0.141214
_XOX_XOXO
0 0.26572
4 0.5
XX_O_XOXO
2 1
4 0.5
X_XO_XOXO
1 0.9
4 0.5
_XXO_XOXO
0 0.6561
4 0.5
____XXOXO
0 0.283611
1 0.28934
2 0.405
3 0.321521
OX__XXOXO
2 0.5
3 0.239148
XO__XXOXO
2 1
3 0.5
O_X_XXOXO
1 0.127093
3 0.295245
_OX_XXOXO
0 0.405
3 1
X_O_XXOXO
1 0.5
3 0.26572
_XO_XXOXO
0 0.5
3 0.215233
O__XXXOXO
1 0.5
2 0.5
_O_XXXOXO
0 0.5
2 0.5
__OXXXOXO
0 0.5
1 0.5
X__OXXOXO
1 0.5
2 0.5
_X_OXXOXO
0 0.127093
2 0.5
__XOXXOXO
0 1
1 0.5
XX__OXOXO
2 0.5
3 0.5
X_X_OXOXO
1 1
3 0.0750477
_XX_OXOXO
0 1
3 0.45
X__XOXOXO
1 0.5
2 0.174339
_X_XOXOXO
0 1
2 0.5
__XXOXOXO
0 1
1 0.5
XXX__OOXO
3 0.5
4 0.5
XX_X_OOXO
2 0.5
4 0.5
X_XX_OOXO
1 1
4 0.5
_XXX_OOXO
0 0.114384
4 0.5
XX__XOOXO
2 0.114384
3 0.5
X_X_XOOXO
1 0.295245
3 0.5
_XX_XOOXO
0 0.5
3 0.0398833
X__XXOOXO
1 0.5
2 0.5
_X_XXOOXO
0 1
2 0.5
__XXXOOXO
0 0.239148
1 0.5
XXX____OO
3 0.5
4 0.5
5 0.5
6 0.295245
XX_X___OO
2 1
4 0.5
5 0.324769
6 0.5
X_XX___OO
1 0.321489
4 0.55
5 1
6 0.5
_XXX___OO
0 0.392931
4 0.3969
5 1
6 0.5
XX__X__OO
2 0.5
3 0.362427
5 1
6 0.5
X_X_X__OO
1 0.5
3 0.388962
5 1
6 0.495
_XX_X__OO
0 0.581042
3 0.388962
5 1
6 0.405
X__XX__OO
1 0.5
2 0.277882
5 0.9
6 0.5
_X_XX__OO
0 0.4802
2 0.236757
5 1
6 0.5
__XXX__OO
0 0.26572
1 0.382921
5 1
6 0.5
OXXXX__OO
5 0.5
6 0.5
XOXXX__OO
5 0.5
6 0.226088
XXOXX__OO
5 1
6 0.5
XXXOX__OO
5 0.5
6 0.239148
XXXXO__OO
5 1
6 1
XX___X_OO
2 0.5
3 0.5
4 1
6 0.405
X_X__X_OO
1 0.98
3 0.78915
4 1
6 0.441
_XX__X_OO
0 0.682109
3 0.5
4 0.5
6 0.43218
X__X_X_OO
1 0.441045
2 0.49005
4 0.405
6 0.5
_X_X_X_OO
0 0.626364
2 0.5
4 0.9604
6 0.5
__XX_X_OO
0 0.98
1 0.55
4 1
6 0.5
OXXX_X_OO
4 1
6 0.5
XOXX_X_OO
4 0.55
6 0.5
XXOX_X_OO
4 1
6 0.5
XXXO_X_OO
4 1
6 0.5
X___XX_OO
1 1
2 0.350066
3 0.495
6 0.470596
_X__XX_OO
0 0.495
2 0.5
3 0.9
6 0.639146
__X_XX_OO
0 0.652256
1 0.405
3 1
6 0.569421
OXX_XX_OO
3 0.19371
6 0.5
XOX_XX_OO
3 0.4996
6 0.5
XXO_XX_OO
3 1
6 0.26572
___XXX_OO
0 1
1 0.5
2 1
6 0.5
OX_XXX_OO
2 0.729
6 0.5
XO_XXX_OO
2 0.5
6 0.5
O_XXXX_OO
1 0.5
6 0.5
_OXXXX_OO
0 0.5
6 0.5
X_OXXX_OO
1 0.5
6 0.5
_XOXXX_OO
0 0.5
6 0.5
XX_OXX_OO
2 0.5
6 0.5
X_XOXX_OO
1 0.5
6 0.295245
_XXOXX_OO
0 0.26572
6 0.5
XXX_OX_OO
3 1
6 0.5
XX_XOX_OO
2 1
6 0.5
X_XXOX_OO
1 0.430467
6 1
_XXXOX_OO
0 1
6 0.5
XXXX_O_OO
4 0.5
6 0.5
XXX_XO_OO
3 1
6 0.5
XX_XXO_OO
2 1
6 0.5
X_XXXO_OO
1 1
6 0.0323055
_XXXXO_OO
0 0.215233
6 0.5
XX____XOO
2 0.5
3 0.5
4 1
5 0.234365
X_X___XOO
1 0.32805
3 0.35721
4 0.5
5 0.3969
_XX___XOO
0 0.434107
3 0.405
4 0.5
5 0.45
X__X__XOO
1 0.45
2 0.45
4 0.5
5 0.5
_X_X__XOO
0 0.49
2 0.5
4 0.586971
5 0.5
__XX__XOO
0 0.410999
1 0.28934
4 0.5
5 0.5
OXXX__XOO
4 1
5 0.5
XOXX__XOO
4 0.5
5 0.26572
XXOX__XOO
4 0.5
5 0.5
XXXO__XOO
4 0.5
5 0.5
X___X_XOO
1 0.19371
2 0.45
3 0.441
5 0.198524
_X__X_XOO
0 0.4802
2 0.353638
3 0.605
5 0.45
__X_X_XOO
0 0.5
1 0.586971
3 0.5
5 0.5
OXX_X_XOO
3 0.5
5 0.5
XOX_X_XOO
3 0.5
5 0.5
XXO_X_XOO
3 0.5
5 0.5
___XX_XOO
0 0.32805
1 1
2 1
5 0.5
OX_XX_XOO
2 0.5
5 0.5
XO_XX_XOO
2 0.5
5 0.0648742
O_XXX_XOO
1 1
5 0.5
_OXXX_XOO
0 0.5
5 0.5
X_OXX_XOO
1 0.5
5 0.5
_XOXX_XOO
0 0.239148
5 0.5
XX_OX_XOO
2 0.5
5 0.5
X_XOX_XOO
1 0.5
5 1
_XXOX_XOO
0 0.5
5 0.239148
XXX_O_XOO
3 0.5
5 0.5
XX_XO_XOO
2 0.5
5 0.5
X_XXO_XOO
1 0.5
5 0.5
_XXXO_XOO
0 1
5 0.5
X____XXOO
1 0.30091
2 0.305671
3 0.9
4 0.400366
_X___XXOO
0 0.280112
2 0.5
3 0.5
4 0.470596
__X__XXOO
0 1
1 0.45
3 0.5
4 0.45
OXX__XXOO
3 0.5
4 0.5
XOX__XXOO
3 0.6655
4 0.5
XXO__XXOO
3 0.5
4 0.215233
___X_XXOO
0 0.0661907
1 0.170851
2 0.234365
4 0.5
OX_X_XXOO
2 0.5
4 0.5
XO_X_XXOO
2 0.419387
4 0.5
O_XX_XXOO
1 0.5
4 0.0443148
_OXX_XXOO
0 0.3645
4 0.5
X_OX_XXOO
1 1
4 0.5
_XOX_XXOO
0 1
4 0.5
XX_O_XXOO
2 0.5
4 0.5
X_XO_XXOO
1 0.156905
4 0.3645
_XXO_XXOO
0 0.0926514
4 0.5
____XXXOO
0 0.19371
1 0.32805
2 0.3969
3 0.35721
OX__XXXOO
2 1
3 0.5
XO__XXXOO
2 0.5
3 0.5
O_X_XXXOO
1 0.102946
3 0.141214
_OX_XXXOO
0 0.5
3 0.5
X_O_XXXOO
1 0.5
3 0.239148
_XO_XXXOO
0 0.174339
3 0.5
O__XXXXOO
1 1
2 0.5
_O_XXXXOO
0 0.5
2 0.5
__OXXXXOO
0 0.5
1 0.5
X__OXXXOO
1 0.5
2 0.0261675
_X_OXXXOO
0 0.239148
2 0.5
__XOXXXOO
0 0.5
1 0.5
XX__OXXOO
2 0.5
3 0.5
X_X_OXXOO
1 0.193555
3 0.729
_XX_OXXOO
0 1
3 0.114384
X__XOXXOO
1 0.5
2 0.45
_X_XOXXOO
0 1
2 0.5
__XXOXXOO
0 1
1 1
XXX__OXOO
3 0.5
4 0.5
XX_X_OXOO
2 0.5
4 0.5
X_XX_OXOO
1 0.5
4 0.5
_XXX_OXOO
0 0.26572
4 0.5
XX__XOXOO
2 0.5
3 0.5
X_X_XOXOO
1 0.81
3 0.141214
_XX_XOXOO
0 0.5
3 0.5
X__XXOXOO
1 0.5
2 0.5
_X_XXOXOO
0 0.174339
2 0.5
__XXXOXOO
0 1
1 0.5
XXXX__OOO
4 0.5
5 0.5
XXX_X_OOO
3 0.5
5 0.5
XX_XX_OOO
2 0.5
5 0.5
X_XXX_OOO
1 0.5
5 0.5
_XXXX_OOO
0 0.5
5 0.5
XXX__XOOO
3 0.5
4 0.5
XX_X_XOOO
2 0.5
4 0.5
X_XX_XOOO
1 0.5
4 0.5
_XXX_XOOO
0 0.5
4 0.5
XX__XXOOO
2 0.5
3 0.5
X_X_XXOOO
1 0.5
3 0.5
_XX_XXOOO
0 0.5
3 0.5
X__XXXOOO
1 0.5
2 0.5
_X_XXXOOO
0 0.5
2 0.5
__XXXXOOO
0 0.5
1 0.5
